#       M	    K	    N	  origin   optimized   speedup(%)
	    1	    4	 2048	0.062192	0.074882	-16.946663
	    2	    4	 2048	0.058313	0.070601	-17.404853
	    4	    4	 2048	0.055846	0.069465	-19.605557
	    8	    4	 2048	0.055802	0.069117	-19.264436
	   16	    4	 2048	0.055976	0.071672	-21.899766
	   24	    4	 2048	0.054658	0.069255	-21.077179
	   32	    4	 2048	0.065900	0.057283	15.042857
	   40	    4	 2048	0.072113	0.056138	28.456660
	   48	    4	 2048	0.065539	0.062246	5.290300
	   56	    4	 2048	0.065930	0.057076	15.512650
	   64	    4	 2048	0.054138	0.056497	-4.175443
	   72	    4	 2048	0.054453	0.056811	-4.150605
	   80	    4	 2048	0.054723	0.055522	-1.439069
	   88	    4	 2048	0.054293	0.056594	-4.065802
	   96	    4	 2048	0.054435	0.056065	-2.907340
	  104	    4	 2048	0.054053	0.056259	-3.921150
	  112	    4	 2048	0.054234	0.057066	-4.962675
	  120	    4	 2048	0.053999	0.056967	-5.210034
	  128	    4	 2048	0.053400	0.056399	-5.317470
	  136	    4	 2048	0.054027	0.056167	-3.810066
	  144	    4	 2048	0.054486	0.055796	-2.347839
	  152	    4	 2048	0.055144	0.056146	-1.784633
	  160	    4	 2048	0.054775	0.056459	-2.982695
	  168	    4	 2048	0.054650	0.056421	-3.138902
	  176	    4	 2048	0.055206	0.055958	-1.343865
	  184	    4	 2048	0.066246	0.057791	14.630306
	  192	    4	 2048	0.065846	0.055749	18.111536
	  200	    4	 2048	0.066357	0.056624	17.188825
	  208	    4	 2048	0.066167	0.055789	18.602233
	  216	    4	 2048	0.054133	0.056600	-4.358657
	  224	    4	 2048	0.054690	0.056052	-2.429887
	  232	    4	 2048	0.054538	0.056261	-3.062512
	  240	    4	 2048	0.054993	0.055963	-1.733288
	  248	    4	 2048	0.054753	0.056314	-2.771957
	  256	    4	 2048	0.054675	0.056418	-3.089440
	  272	    4	 2048	0.054474	0.055841	-2.448022
	  288	    4	 2048	0.054298	0.055583	-2.311858
	  304	    4	 2048	0.054635	0.055620	-1.770946
	  320	    4	 2048	0.053846	0.055468	-2.924209
	  336	    4	 2048	0.054410	0.055942	-2.738551
	  352	    4	 2048	0.054628	0.055884	-2.247513
	  368	    4	 2048	0.053986	0.056284	-4.082865
	  384	    4	 2048	0.054691	0.055807	-1.999749
	  400	    4	 2048	0.054720	0.056419	-3.011397
	  416	    4	 2048	0.055010	0.055804	-1.422837
	  432	    4	 2048	0.054584	0.055963	-2.464128
	  448	    4	 2048	0.054331	0.055529	-2.157431
	  464	    4	 2048	0.053824	0.056135	-4.116861
	  480	    4	 2048	0.054082	0.055642	-2.803638
	  496	    4	 2048	0.054023	0.055843	-3.259137
	  512	    4	 2048	0.053897	0.056078	-3.889226
	  768	    4	 2048	0.054549	0.056143	-2.839179
	 1024	    4	 2048	0.054163	0.056056	-3.376980
	 1536	    4	 2048	0.054644	0.055927	-2.294062
	 2048	    4	 2048	0.054205	0.055729	-2.734662
	 3072	    4	 2048	0.054477	0.056001	-2.721380
	 4096	    4	 2048	0.053154	0.055967	-5.026176
	 7168	    4	 2048	0.055741	0.056102	-0.643471
	 8192	    4	 2048	0.054607	0.056041	-2.558841
	11264	    4	 2048	0.054666	0.055724	-1.898643
	12288	    4	 2048	0.054546	0.056048	-2.679846
	15360	    4	 2048	0.054320	0.055573	-2.254692
	16384	    4	 2048	0.054057	0.056739	-4.726907
	    1	  128	 2048	0.157658	0.062416	152.592284
	    2	  128	 2048	0.123935	0.067309	84.128423
	    4	  128	 2048	0.123739	0.067071	84.489571
	    8	  128	 2048	0.124719	0.067721	84.165916
	   16	  128	 2048	0.123100	0.067798	81.568778
	   24	  128	 2048	0.125216	0.067695	84.970825
	   32	  128	 2048	0.122873	0.068852	78.459594
	   40	  128	 2048	0.122817	0.067432	82.134595
	   48	  128	 2048	0.121945	0.067505	80.645878
	   56	  128	 2048	0.121359	0.067400	80.057864
	   64	  128	 2048	0.120531	0.067573	78.371539
	   72	  128	 2048	0.121398	0.067513	79.814258
	   80	  128	 2048	0.100963	0.055953	80.442514
	   88	  128	 2048	0.101349	0.056013	80.938354
	   96	  128	 2048	0.100565	0.056230	78.845812
	  104	  128	 2048	0.101708	0.056182	81.033071
	  112	  128	 2048	0.100773	0.056228	79.222096
	  120	  128	 2048	0.099553	0.056319	76.766278
	  128	  128	 2048	0.099662	0.056014	77.923376
	  136	  128	 2048	0.101038	0.055433	82.270489
	  144	  128	 2048	0.100275	0.055456	80.819028
	  152	  128	 2048	0.100494	0.056620	77.488520
	  160	  128	 2048	0.104127	0.055886	86.320366
	  168	  128	 2048	0.101814	0.056104	81.473692
	  176	  128	 2048	0.105214	0.055600	89.233813
	  184	  128	 2048	0.100823	0.055630	81.238540
	  192	  128	 2048	0.100621	0.055667	80.755205
	  200	  128	 2048	0.100546	0.055888	79.906241
	  208	  128	 2048	0.100732	0.055993	79.901059
	  216	  128	 2048	0.101801	0.056238	81.018173
	  224	  128	 2048	0.101950	0.055513	83.650676
	  232	  128	 2048	0.102248	0.055881	82.974535
	  240	  128	 2048	0.102239	0.055627	83.793841
	  248	  128	 2048	0.101955	0.056232	81.311353
	  256	  128	 2048	0.101757	0.056088	81.423834
	  272	  128	 2048	0.123393	0.056246	119.380934
	  288	  128	 2048	0.122592	0.056209	118.100304
	  304	  128	 2048	0.124274	0.056031	121.795078
	  320	  128	 2048	0.102130	0.056344	81.261536
	  336	  128	 2048	0.123473	0.055532	122.345675
	  352	  128	 2048	0.138801	0.056155	147.174784
	  368	  128	 2048	0.125124	0.056095	123.057313
	  384	  128	 2048	0.122033	0.055690	119.129108
	  400	  128	 2048	0.123518	0.055464	122.699409
	  416	  128	 2048	0.123051	0.056026	119.631957
	  432	  128	 2048	0.101602	0.055767	82.190184
	  448	  128	 2048	0.101384	0.056010	81.010534
	  464	  128	 2048	0.099557	0.055590	79.091563
	  480	  128	 2048	0.098623	0.055502	77.692696
	  496	  128	 2048	0.099931	0.054990	81.725768
	  512	  128	 2048	0.098796	0.055634	77.582054
	  768	  128	 2048	0.099293	0.055475	78.986931
	 1024	  128	 2048	0.099197	0.055502	78.726893
	 1536	  128	 2048	0.099157	0.055415	78.935306
	 2048	  128	 2048	0.099487	0.056156	77.161835
	 3072	  128	 2048	0.100181	0.055824	79.458656
	 4096	  128	 2048	0.099525	0.069487	43.228230
	 7168	  128	 2048	0.217857	0.067973	220.505201
	 8192	  128	 2048	0.177029	0.067902	160.712497
	11264	  128	 2048	0.184627	0.105441	75.099819
	12280	  128	 2048	0.101463	0.067808	49.632787
	15360	  128	 2048	0.101872	0.067461	51.008731
	16384	  128	 2048	0.101646	0.060860	67.016103
	    1	 1024	 2048	0.100592	0.052410	91.932837
	    2	 1024	 2048	0.101784	0.055819	82.346513
	    4	 1024	 2048	0.101207	0.055201	83.342693
	    8	 1024	 2048	0.101126	0.055568	81.986035
	   16	 1024	 2048	0.101629	0.055855	81.951482
	   24	 1024	 2048	0.101655	0.055640	82.701294
	   32	 1024	 2048	0.102713	0.055977	83.491434
	   40	 1024	 2048	0.100038	0.055611	79.888871
	   48	 1024	 2048	0.099793	0.055835	78.728396
	   56	 1024	 2048	0.099521	0.055847	78.202947
	   64	 1024	 2048	0.099013	0.055153	79.524233
	   72	 1024	 2048	0.099389	0.055793	78.138835
	   80	 1024	 2048	0.105348	0.055746	88.978581
	   88	 1024	 2048	0.101676	0.055708	82.515976
	   96	 1024	 2048	0.100489	0.055849	79.929811
	  104	 1024	 2048	0.099151	0.055414	78.927708
	  112	 1024	 2048	0.101580	0.055294	83.708902
	  120	 1024	 2048	0.179725	0.054891	227.421617
	  128	 1024	 2048	0.182716	0.055498	229.229882
	  136	 1024	 2048	0.179039	0.055374	223.326832
	  144	 1024	 2048	0.150220	0.056077	167.881663
	  152	 1024	 2048	0.179501	0.054902	226.948016
	  160	 1024	 2048	0.154131	0.055578	177.323761
	  168	 1024	 2048	0.179406	0.055336	224.212086
	  176	 1024	 2048	0.176721	0.055362	219.209927
	  184	 1024	 2048	0.101618	0.055388	83.465733
	  192	 1024	 2048	0.102363	0.055948	82.960964
	  200	 1024	 2048	0.186215	0.055213	237.266586
	  208	 1024	 2048	0.186453	0.056029	232.779453
	  216	 1024	 2048	0.178779	0.055980	219.362272
	  224	 1024	 2048	0.112692	0.056286	100.213197
	  232	 1024	 2048	0.110584	0.055874	97.916741
	  240	 1024	 2048	0.103554	0.055996	84.931067
	  248	 1024	 2048	0.103930	0.055532	87.153353
	  256	 1024	 2048	0.103681	0.056238	84.361108
	  272	 1024	 2048	0.103372	0.056279	83.677748
	  288	 1024	 2048	0.105812	0.056398	87.616582
	  304	 1024	 2048	0.185898	0.056426	229.454507
	  320	 1024	 2048	0.182731	0.056121	225.601825
	  336	 1024	 2048	0.164341	0.055939	193.786088
	  352	 1024	 2048	0.172276	0.055582	209.949264
	  368	 1024	 2048	0.179093	0.056424	217.405714
	  384	 1024	 2048	0.180891	0.055742	224.514729
	  400	 1024	 2048	0.175940	0.056228	212.904603
	  416	 1024	 2048	0.173705	0.056035	209.993754
	  432	 1024	 2048	0.177572	0.056295	215.431211
	  448	 1024	 2048	0.185936	0.056141	231.194671
	  464	 1024	 2048	0.170173	0.056456	201.425889
	  480	 1024	 2048	0.155733	0.056404	176.102759
	  496	 1024	 2048	0.179855	0.056386	218.971021
	  512	 1024	 2048	0.172734	0.055410	211.737953
	  768	 1024	 2048	0.102368	0.056518	81.124597
	 1024	 1024	 2048	0.102863	0.056377	82.455611
	 1536	 1024	 2048	0.179790	0.056753	216.793826
	 2048	 1024	 2048	0.178927	0.055562	222.031244
	 3072	 1024	 2048	0.175406	0.055865	213.981921
	 4096	 1024	 2048	0.179813	0.118834	51.314439
	 7168	 1024	 2048	0.169611	0.103829	63.356095
	 8192	 1024	 2048	0.155438	0.109880	41.461594
	11264	 1024	 2048	0.190436	0.103310	84.334527
	12280	 1024	 2048	0.181329	0.103718	74.828863
	15360	 1024	 2048	0.106502	0.107895	-1.291070
	16384	 1024	 2048	0.116650	0.116234	0.357899
	    1	 2048	    1	0.083281	0.052277	59.307152
	    2	 2048	    1	0.073614	0.048180	52.789539
	    4	 2048	    1	0.072497	0.047491	52.654187
	    8	 2048	    1	0.079148	0.047229	67.583476
	   16	 2048	    1	0.083795	0.047153	77.708735
	   24	 2048	    1	0.084394	0.047361	78.193028
	   32	 2048	    1	0.082101	0.047380	73.281976
	   40	 2048	    1	0.082920	0.046646	77.764439
	   48	 2048	    1	0.082509	0.046988	75.595897
	   56	 2048	    1	0.082154	0.046391	77.090384
	   64	 2048	    1	0.082465	0.046385	77.783766
	   72	 2048	    1	0.082556	0.046436	77.784478
	   80	 2048	    1	0.082682	0.048645	69.970192
	   88	 2048	    1	0.082533	0.046704	76.715057
	   96	 2048	    1	0.083362	0.047138	76.846705
	  104	 2048	    1	0.082416	0.046897	75.738320
	  112	 2048	    1	0.083116	0.046801	77.594496
	  120	 2048	    1	0.082575	0.046820	76.366937
	  128	 2048	    1	0.082641	0.046685	77.018314
	  136	 2048	    1	0.082149	0.047094	74.436234
	  144	 2048	    1	0.104269	0.047384	120.051072
	  152	 2048	    1	0.082244	0.046613	76.440049
	  160	 2048	    1	0.082300	0.046828	75.749552
	  168	 2048	    1	0.082051	0.046712	75.652937
	  176	 2048	    1	0.080830	0.046867	72.466768
	  184	 2048	    1	0.077656	0.046419	67.293565
	  192	 2048	    1	0.072728	0.046196	57.433544
	  200	 2048	    1	0.072713	0.046633	55.926061
	  208	 2048	    1	0.072683	0.046207	57.298678
	  216	 2048	    1	0.079427	0.046489	70.851169
	  224	 2048	    1	0.080263	0.046593	72.264074
	  232	 2048	    1	0.078235	0.046601	67.882663
	  240	 2048	    1	0.080946	0.046650	73.517685
	  248	 2048	    1	0.072277	0.047344	52.663484
	  256	 2048	    1	0.075600	0.047151	60.335942
	  272	 2048	    1	0.079917	0.047164	69.444916
	  288	 2048	    1	0.080632	0.047018	71.491769
	  304	 2048	    1	0.079331	0.046130	71.972686
	  320	 2048	    1	0.077932	0.046024	69.329046
	  336	 2048	    1	0.082927	0.046332	78.984287
	  352	 2048	    1	0.083884	0.046075	82.059685
	  368	 2048	    1	0.083649	0.046565	79.639214
	  384	 2048	    1	0.083258	0.046324	79.729730
	  400	 2048	    1	0.047960	0.045893	4.503955
	  416	 2048	    1	0.049030	0.046192	6.143921
	  432	 2048	    1	0.048348	0.045567	6.103101
	  448	 2048	    1	0.047726	0.045328	5.290328
	  464	 2048	    1	0.048440	0.045866	5.612000
	  480	 2048	    1	0.050764	0.046318	9.598860
	  496	 2048	    1	0.049609	0.046198	7.383437
	  512	 2048	    1	0.048464	0.046298	4.678388
	  768	 2048	    1	0.048436	0.046603	3.933223
	 1024	 2048	    1	0.048278	0.046272	4.335235
	 1536	 2048	    1	0.048613	0.046046	5.574860
	 2048	 2048	    1	0.047721	0.045948	3.858710
	 3072	 2048	    1	0.049822	0.046281	7.651088
	 4096	 2048	    1	0.049069	0.046167	6.285875
	 7168	 2048	    1	0.076500	0.045918	66.601333
	 8192	 2048	    1	0.078264	0.046016	70.079972
	11264	 2048	    1	0.078497	0.047965	63.654748
	12280	 2048	    1	0.047380	0.047286	0.198790
	15360	 2048	    1	0.049266	0.047058	4.692082
	16384	 2048	    1	0.048829	0.046719	4.516364
	    1	 2048	   16	0.178282	0.051050	249.230167
	    2	 2048	   16	0.182686	0.056308	224.440577
	    4	 2048	   16	0.176113	0.055848	215.343432
	    8	 2048	   16	0.176703	0.055401	218.952726
	   16	 2048	   16	0.172946	0.055213	213.234202
	   24	 2048	   16	0.177915	0.055438	220.926080
	   32	 2048	   16	0.177103	0.057356	208.778506
	   40	 2048	   16	0.173592	0.054906	216.162168
	   48	 2048	   16	0.172597	0.055423	211.417642
	   56	 2048	   16	0.178437	0.055300	222.670886
	   64	 2048	   16	0.172612	0.055381	211.680901
	   72	 2048	   16	0.174926	0.055438	215.534471
	   80	 2048	   16	0.177581	0.055200	221.704710
	   88	 2048	   16	0.181234	0.055028	229.348695
	   96	 2048	   16	0.170851	0.055668	206.910613
	  104	 2048	   16	0.172202	0.055268	211.576319
	  112	 2048	   16	0.164040	0.055767	194.152456
	  120	 2048	   16	0.177738	0.055165	222.193420
	  128	 2048	   16	0.178533	0.056296	217.132656
	  136	 2048	   16	0.178522	0.055425	222.096527
	  144	 2048	   16	0.176339	0.056010	214.834851
	  152	 2048	   16	0.175329	0.055461	216.130254
	  160	 2048	   16	0.171853	0.055482	209.745503
	  168	 2048	   16	0.175240	0.055939	213.269812
	  176	 2048	   16	0.174252	0.054948	217.121642
	  184	 2048	   16	0.170806	0.055731	206.482927
	  192	 2048	   16	0.176774	0.054547	224.076484
	  200	 2048	   16	0.171772	0.055617	208.848014
	  208	 2048	   16	0.174407	0.056075	211.024521
	  216	 2048	   16	0.175794	0.055691	215.659622
	  224	 2048	   16	0.179667	0.056286	219.203710
	  232	 2048	   16	0.170103	0.056127	203.068042
	  240	 2048	   16	0.172553	0.055405	211.439401
	  248	 2048	   16	0.178186	0.055691	219.954750
	  256	 2048	   16	0.171837	0.055363	210.382385
	  272	 2048	   16	0.175843	0.056201	212.882333
	  288	 2048	   16	0.172906	0.055238	213.020022
	  304	 2048	   16	0.180409	0.055433	225.454152
	  320	 2048	   16	0.175516	0.055441	216.581591
	  336	 2048	   16	0.176487	0.055550	217.708371
	  352	 2048	   16	0.173707	0.056271	208.697197
	  368	 2048	   16	0.174682	0.054993	217.644064
	  384	 2048	   16	0.178523	0.055618	220.980618
	  400	 2048	   16	0.176324	0.055302	218.838378
	  416	 2048	   16	0.183270	0.056199	226.109005
	  432	 2048	   16	0.173761	0.056122	209.612986
	  448	 2048	   16	0.172325	0.055619	209.831173
	  464	 2048	   16	0.170239	0.055978	204.117689
	  480	 2048	   16	0.176281	0.055493	217.663489
	  496	 2048	   16	0.174790	0.055577	214.500603
	  512	 2048	   16	0.171994	0.055481	210.005227
	  768	 2048	   16	0.171764	0.055566	209.117086
	 1024	 2048	   16	0.179429	0.055331	224.282952
	 1536	 2048	   16	0.176253	0.055490	217.630204
	 2048	 2048	   16	0.173238	0.055444	212.455811
	 3072	 2048	   16	0.171426	0.055847	206.956506
	 4096	 2048	   16	0.171420	0.055451	209.137797
	 7168	 2048	   16	0.165819	0.055901	196.629756
	 8192	 2048	   16	0.174984	0.055887	213.103226
	11264	 2048	   16	0.178238	0.055685	220.082608
	12280	 2048	   16	0.177318	0.055429	219.901135
	15360	 2048	   16	0.175244	0.055668	214.802041
	16384	 2048	   16	0.182571	0.055472	229.122801
	    1	 2048	  512	0.130569	0.051618	152.952458
	    2	 2048	  512	0.101679	0.055632	82.770708
	    4	 2048	  512	0.103028	0.055950	84.142985
	    8	 2048	  512	0.102345	0.056449	81.305249
	   16	 2048	  512	0.101259	0.056016	80.767995
	   24	 2048	  512	0.102433	0.055669	84.003665
	   32	 2048	  512	0.104995	0.055770	88.264300
	   40	 2048	  512	0.102758	0.056219	82.781622
	   48	 2048	  512	0.102822	0.056489	82.021278
	   56	 2048	  512	0.102616	0.056321	82.198469
	   64	 2048	  512	0.103333	0.056193	83.889452
	   72	 2048	  512	0.102780	0.055603	84.846141
	   80	 2048	  512	0.103712	0.056052	85.028188
	   88	 2048	  512	0.104466	0.055540	88.091466
	   96	 2048	  512	0.103613	0.056025	84.940651
	  104	 2048	  512	0.103779	0.055635	86.535454
	  112	 2048	  512	0.103228	0.056510	82.672093
	  120	 2048	  512	0.102677	0.056465	81.841849
	  128	 2048	  512	0.102239	0.056071	82.338464
	  136	 2048	  512	0.102435	0.055800	83.575269
	  144	 2048	  512	0.102637	0.055779	84.006526
	  152	 2048	  512	0.103157	0.055728	85.108025
	  160	 2048	  512	0.102509	0.056490	81.463976
	  168	 2048	  512	0.102359	0.055973	82.872099
	  176	 2048	  512	0.102443	0.055222	85.511209
	  184	 2048	  512	0.102347	0.055084	85.801685
	  192	 2048	  512	0.102702	0.055812	84.014190
	  200	 2048	  512	0.103639	0.056218	84.351987
	  208	 2048	  512	0.102984	0.056093	83.595101
	  216	 2048	  512	0.103182	0.055839	84.784828
	  224	 2048	  512	0.102552	0.055523	84.701835
	  232	 2048	  512	0.102807	0.058737	75.029368
	  240	 2048	  512	0.103019	0.055945	84.143355
	  248	 2048	  512	0.102930	0.055733	84.684119
	  256	 2048	  512	0.103924	0.055334	87.812195
	  272	 2048	  512	0.103421	0.055899	85.014043
	  288	 2048	  512	0.103592	0.056244	84.183202
	  304	 2048	  512	0.103284	0.055993	84.458772
	  320	 2048	  512	0.102187	0.056304	81.491546
	  336	 2048	  512	0.102634	0.056198	82.629275
	  352	 2048	  512	0.109231	0.055989	95.093679
	  368	 2048	  512	0.101334	0.055996	80.966498
	  384	 2048	  512	0.101271	0.056310	79.845498
	  400	 2048	  512	0.101219	0.055543	82.235385
	  416	 2048	  512	0.101579	0.055663	82.489266
	  432	 2048	  512	0.101720	0.055631	82.847693
	  448	 2048	  512	0.101639	0.056020	81.433417
	  464	 2048	  512	0.101828	0.055651	82.976047
	  480	 2048	  512	0.102501	0.055867	83.473249
	  496	 2048	  512	0.102415	0.055471	84.628004
	  512	 2048	  512	0.102987	0.055712	84.856045
	  768	 2048	  512	0.103408	0.055883	85.043752
	 1024	 2048	  512	0.102747	0.056229	82.729552
	 1536	 2048	  512	0.103389	0.055208	87.271772
	 2048	 2048	  512	0.102665	0.056115	82.954647
	 3072	 2048	  512	0.101746	0.056777	79.202846
	 4096	 2048	  512	0.102905	0.056263	82.899952
	 7168	 2048	  512	0.102475	0.055891	83.347945
	 8192	 2048	  512	0.101631	0.102579	-0.924166
	11264	 2048	  512	0.102394	0.103142	-0.725214
	12280	 2048	  512	0.102497	0.102575	-0.076042
	15360	 2048	  512	0.101716	0.102465	-0.730981
	16384	 2048	  512	0.102735	0.102509	0.220468
	    1	 2048	 2560	0.103378	0.052013	98.754158
	    2	 2048	 2560	0.102990	0.056504	82.270282
	    4	 2048	 2560	0.103859	0.056385	84.196151
	    8	 2048	 2560	0.102986	0.056079	83.644502
	   16	 2048	 2560	0.103052	0.056319	82.979101
	   24	 2048	 2560	0.104184	0.056465	84.510759
	   32	 2048	 2560	0.103945	0.056266	84.738563
	   40	 2048	 2560	0.103326	0.056449	83.043101
	   48	 2048	 2560	0.102621	0.056530	81.533699
	   56	 2048	 2560	0.102437	0.055835	83.463777
	   64	 2048	 2560	0.102786	0.056674	81.363588
	   72	 2048	 2560	0.103132	0.055734	85.043241
	   80	 2048	 2560	0.103222	0.055720	85.251256
	   88	 2048	 2560	0.103741	0.056507	83.589644
	   96	 2048	 2560	0.102611	0.056518	81.554549
	  104	 2048	 2560	0.105167	0.056197	87.139883
	  112	 2048	 2560	0.103025	0.056276	83.070936
	  120	 2048	 2560	0.104262	0.056271	85.285493
	  128	 2048	 2560	0.104297	0.056493	84.619333
	  136	 2048	 2560	0.103940	0.056165	85.061871
	  144	 2048	 2560	0.103112	0.056231	83.372161
	  152	 2048	 2560	0.105379	0.056152	87.667403
	  160	 2048	 2560	0.102824	0.056805	81.012235
	  168	 2048	 2560	0.103639	0.055861	85.530155
	  176	 2048	 2560	0.104032	0.056489	84.163288
	  184	 2048	 2560	0.103359	0.056146	84.089695
	  192	 2048	 2560	0.102544	0.056233	82.355556
	  200	 2048	 2560	0.102685	0.067665	51.754969
	  208	 2048	 2560	0.103449	0.067175	53.999256
	  216	 2048	 2560	0.103858	0.067974	52.790773
	  224	 2048	 2560	0.103242	0.067850	52.162122
	  232	 2048	 2560	0.111500	0.067870	64.284662
	  240	 2048	 2560	0.103557	0.067941	52.421954
	  248	 2048	 2560	0.101816	0.067475	50.894405
	  256	 2048	 2560	0.101859	0.067563	50.761511
	  272	 2048	 2560	0.102113	0.067839	50.522561
	  288	 2048	 2560	0.102080	0.068147	49.793828
	  304	 2048	 2560	0.102835	0.067726	51.839766
	  320	 2048	 2560	0.102722	0.068215	50.585648
	  336	 2048	 2560	0.103361	0.068497	50.898579
	  352	 2048	 2560	0.103049	0.068116	51.284573
	  368	 2048	 2560	0.103195	0.067585	52.689206
	  384	 2048	 2560	0.103317	0.067053	54.082591
	  400	 2048	 2560	0.107837	0.067964	58.667824
	  416	 2048	 2560	0.104774	0.067095	56.157687
	  432	 2048	 2560	0.103748	0.068878	50.625744
	  448	 2048	 2560	0.102870	0.067998	51.283861
	  464	 2048	 2560	0.103248	0.067555	52.835467
	  480	 2048	 2560	0.103258	0.066936	54.263774
	  496	 2048	 2560	0.102931	0.066984	53.665054
	  512	 2048	 2560	0.103104	0.067221	53.380640
	  768	 2048	 2560	0.103457	0.067244	53.853132
	 1024	 2048	 2560	0.105668	0.069749	51.497513
	 1536	 2048	 2560	0.105152	0.067401	56.009555
	 2048	 2048	 2560	0.102412	0.122011	-16.063306
	 3072	 2048	 2560	0.102570	0.122869	-16.520847
	 4096	 2048	 2560	0.115463	0.122799	-5.973990
	 7168	 2048	 2560	0.164005	0.123896	32.373119
	 8192	 2048	 2560	0.162790	0.140862	15.567009
	11264	 2048	 2560	0.187874	0.194073	-3.194159
	12280	 2048	 2560	0.200127	0.202272	-1.060453
	15360	 2048	 2560	0.272661	0.272778	-0.042892
	16384	 2048	 2560	0.280990	0.285852	-1.700880
	    1	 2048	 3072	0.153183	0.062200	146.274920
	    2	 2048	 3072	0.154142	0.067758	127.489005
	    4	 2048	 3072	0.153679	0.067401	128.007003
	    8	 2048	 3072	0.153481	0.067530	127.278247
	   16	 2048	 3072	0.156366	0.067394	132.017687
	   24	 2048	 3072	0.156587	0.067593	131.661563
	   32	 2048	 3072	0.157790	0.067567	133.531162
	   40	 2048	 3072	0.157708	0.068071	131.681627
	   48	 2048	 3072	0.154993	0.066886	131.727118
	   56	 2048	 3072	0.154234	0.067165	129.634482
	   64	 2048	 3072	0.147959	0.067206	120.157426
	   72	 2048	 3072	0.153736	0.068877	123.203682
	   80	 2048	 3072	0.149099	0.067699	120.238113
	   88	 2048	 3072	0.165104	0.067951	142.975085
	   96	 2048	 3072	0.177268	0.067040	164.421241
	  104	 2048	 3072	0.211345	0.067881	211.346327
	  112	 2048	 3072	0.173523	0.067519	156.998771
	  120	 2048	 3072	0.172998	0.067848	154.978776
	  128	 2048	 3072	0.165371	0.068054	142.999677
	  136	 2048	 3072	0.171925	0.067624	154.236662
	  144	 2048	 3072	0.171726	0.067471	154.518237
	  152	 2048	 3072	0.173876	0.066744	160.511806
	  160	 2048	 3072	0.171471	0.068274	151.151244
	  168	 2048	 3072	0.173779	0.067519	157.377923
	  176	 2048	 3072	0.177008	0.067466	162.366229
	  184	 2048	 3072	0.170407	0.067610	152.044076
	  192	 2048	 3072	0.174113	0.067553	157.742809
	  200	 2048	 3072	0.176370	0.068066	159.116152
	  208	 2048	 3072	0.177513	0.067392	163.403668
	  216	 2048	 3072	0.177543	0.067294	163.831842
	  224	 2048	 3072	0.169174	0.067475	150.721008
	  232	 2048	 3072	0.172094	0.067389	155.374022
	  240	 2048	 3072	0.170206	0.067471	152.265418
	  248	 2048	 3072	0.166498	0.068335	143.649667
	  256	 2048	 3072	0.171762	0.067368	154.960812
	  272	 2048	 3072	0.174672	0.067433	159.030445
	  288	 2048	 3072	0.171470	0.067011	155.883362
	  304	 2048	 3072	0.180872	0.067630	167.443442
	  320	 2048	 3072	0.164118	0.067406	143.476842
	  336	 2048	 3072	0.134442	0.068089	97.450396
	  352	 2048	 3072	0.128667	0.068358	88.225226
	  368	 2048	 3072	0.101642	0.067875	49.748803
	  384	 2048	 3072	0.143849	0.067965	111.651585
	  400	 2048	 3072	0.163943	0.067679	142.236144
	  416	 2048	 3072	0.166667	0.068146	144.573416
	  432	 2048	 3072	0.168759	0.068197	147.458099
	  448	 2048	 3072	0.166167	0.067828	144.982898
	  464	 2048	 3072	0.165119	0.067690	143.934111
	  480	 2048	 3072	0.161064	0.067666	138.027961
	  496	 2048	 3072	0.164045	0.067398	143.397430
	  512	 2048	 3072	0.172729	0.067757	154.924214
	  768	 2048	 3072	0.162400	0.067564	140.364691
	 1024	 2048	 3072	0.161514	0.067261	140.130239
	 1536	 2048	 3072	0.161751	0.121656	32.957684
	 2048	 2048	 3072	0.160327	0.122105	31.302567
	 3072	 2048	 3072	0.161375	0.125993	28.082513
	 4096	 2048	 3072	0.158515	0.122243	29.672047
	 7168	 2048	 3072	0.156967	0.147998	6.060217
	 8192	 2048	 3072	0.163464	0.162332	0.697336
	11264	 2048	 3072	0.219348	0.219429	-0.036914
	12280	 2048	 3072	0.248816	0.242747	2.500134
	15360	 2048	 3072	0.314538	0.314390	0.047075
	16384	 2048	 3072	0.341547	0.346198	-1.343451
	    1	 2048	37984	0.179872	0.067840	165.141509
	    2	 2048	37984	0.169781	0.061256	177.166318
	    4	 2048	37984	0.171062	0.060100	184.628952
	    8	 2048	37984	0.175815	0.060047	192.795643
	   16	 2048	37984	0.178172	0.060453	194.728136
	   24	 2048	37984	0.183960	0.060363	204.756225
	   32	 2048	37984	0.151488	0.061072	148.048205
	   40	 2048	37984	0.177506	0.061456	188.834288
	   48	 2048	37984	0.101515	0.061941	63.889831
	   56	 2048	37984	0.102798	0.061973	65.875462
	   64	 2048	37984	0.102640	0.062605	63.948566
	   72	 2048	37984	0.101741	0.070010	45.323525
	   80	 2048	37984	0.101596	0.070004	45.128850
	   88	 2048	37984	0.100998	0.071285	41.681981
	   96	 2048	37984	0.101596	0.071326	42.438942
	  104	 2048	37984	0.101008	0.071494	41.281786
	  112	 2048	37984	0.102072	0.100313	1.753512
	  120	 2048	37984	0.102075	0.101122	0.942426
	  128	 2048	37984	0.102172	0.100364	1.801443
	  136	 2048	37984	0.106271	0.113573	-6.429345
	  144	 2048	37984	0.103023	0.108603	-5.137980
	  152	 2048	37984	0.103158	0.101810	1.324035
	  160	 2048	37984	0.103410	0.101934	1.447996
	  168	 2048	37984	0.103557	0.103100	0.443259
	  176	 2048	37984	0.104694	0.103216	1.431949
	  184	 2048	37984	0.103879	0.102310	1.533574
	  192	 2048	37984	0.104241	0.101575	2.624662
	  200	 2048	37984	0.101978	0.103039	-1.029707
	  208	 2048	37984	0.102737	0.102028	0.694907
	  216	 2048	37984	0.102278	0.102287	-0.008799
	  224	 2048	37984	0.101659	0.102487	-0.807907
	  232	 2048	37984	0.158022	0.110456	43.063301
	  240	 2048	37984	0.156644	0.102435	52.920389
	  248	 2048	37984	0.156869	0.102257	53.406613
	  256	 2048	37984	0.169628	0.101673	66.836820
	  272	 2048	37984	0.174943	0.145552	20.192783
	  288	 2048	37984	0.183183	0.137399	33.321931
	  304	 2048	37984	0.170126	0.127688	33.235700
	  320	 2048	37984	0.181870	0.124563	46.006439
	  336	 2048	37984	0.180861	0.127770	41.552008
	  352	 2048	37984	0.181406	0.123970	46.330564
	  368	 2048	37984	0.179839	0.117992	52.416266
	  384	 2048	37984	0.178191	0.117867	51.179720
	  400	 2048	37984	0.185979	0.169022	10.032422
	  416	 2048	37984	0.181278	0.166903	8.612787
	  432	 2048	37984	0.179281	0.161898	10.737007
	  448	 2048	37984	0.180099	0.158431	13.676616
	  464	 2048	37984	0.181557	0.151232	20.051973
	  480	 2048	37984	0.175192	0.147681	18.628666
	  496	 2048	37984	0.176477	0.143001	23.409627
	  512	 2048	37984	0.182644	0.142076	28.553732
	  768	 2048	37984	0.201545	0.209367	-3.736023
	 1024	 2048	37984	0.261590	0.268444	-2.553233
	 1536	 2048	37984	0.383911	0.397484	-3.414729
	 2048	 2048	37984	0.516559	0.495139	4.326058
	 3072	 2048	37984	0.766310	0.746575	2.643405
	 4096	 2048	37984	1.023405	0.968036	5.719725
	 7168	 2048	37984	1.775583	1.689328	5.105876
	 8192	 2048	37984	2.103150	1.923442	9.343042
	11264	 2048	37984	2.885977	2.891970	-0.207229
	12280	 2048	37984	3.002834	2.870703	4.602740
	15360	 2048	37984	3.799736	3.747582	1.391671
	16384	 2048	37984	4.227936	4.101932	3.071821
	  384	  384	  384	0.164343	0.056338	191.708971
	 1024	 1024	 1024	0.162531	0.056091	189.763064
	 2048	 2048	 2048	0.160955	0.100064	60.852055
	 4096	 4096	 4096	0.203983	0.202522	0.721403
