#       M	    K	    N	  origin   optimized   speedup(%)
	    1	    4	 2048	0.007215	0.018251	-60.467920
	    2	    4	 2048	0.008159	0.024655	-66.907321
	    4	    4	 2048	0.007808	0.023140	-66.257563
	    8	    4	 2048	0.007774	0.023547	-66.985179
	   16	    4	 2048	0.008076	0.007759	4.085578
	   24	    4	 2048	0.024608	0.009437	160.760835
	   32	    4	 2048	0.024800	0.007621	225.416612
	   40	    4	 2048	0.024181	0.009546	153.310287
	   48	    4	 2048	0.023822	0.022817	4.404611
	   56	    4	 2048	0.007666	0.007671	-0.065181
	   64	    4	 2048	0.007866	0.007884	-0.228311
	   72	    4	 2048	0.007864	0.007777	1.118683
	   80	    4	 2048	0.007550	0.007676	-1.641480
	   88	    4	 2048	0.007671	0.007582	1.173833
	   96	    4	 2048	0.007675	0.007746	-0.916602
	  104	    4	 2048	0.007695	0.007814	-1.522908
	  112	    4	 2048	0.007659	0.007637	0.288071
	  120	    4	 2048	0.007569	0.007624	-0.721406
	  128	    4	 2048	0.007614	0.007624	-0.131165
	  136	    4	 2048	0.007983	0.007645	4.421190
	  144	    4	 2048	0.007832	0.007709	1.595538
	  152	    4	 2048	0.007912	0.007812	1.280082
	  160	    4	 2048	0.007971	0.007875	1.219048
	  168	    4	 2048	0.007771	0.007861	-1.144893
	  176	    4	 2048	0.008233	0.007828	5.173735
	  184	    4	 2048	0.007908	0.007873	0.444557
	  192	    4	 2048	0.007922	0.008012	-1.123315
	  200	    4	 2048	0.007793	0.008004	-2.636182
	  208	    4	 2048	0.007773	0.008028	-3.176383
	  216	    4	 2048	0.007806	0.007972	-2.082288
	  224	    4	 2048	0.007719	0.008055	-4.171322
	  232	    4	 2048	0.007753	0.008019	-3.317122
	  240	    4	 2048	0.007881	0.008062	-2.245100
	  248	    4	 2048	0.007804	0.007983	-2.242265
	  256	    4	 2048	0.007668	0.007935	-3.364839
	  272	    4	 2048	0.007880	0.008076	-2.426944
	  288	    4	 2048	0.007933	0.007909	0.303452
	  304	    4	 2048	0.007886	0.008025	-1.732087
	  320	    4	 2048	0.007958	0.007968	-0.125502
	  336	    4	 2048	0.007899	0.007903	-0.050614
	  352	    4	 2048	0.008023	0.007897	1.595543
	  368	    4	 2048	0.007885	0.008052	-2.074019
	  384	    4	 2048	0.007835	0.007869	-0.432075
	  400	    4	 2048	0.007970	0.007881	1.129298
	  416	    4	 2048	0.007926	0.007915	0.138977
	  432	    4	 2048	0.008003	0.008023	-0.249283
	  448	    4	 2048	0.008047	0.007964	1.042190
	  464	    4	 2048	0.007973	0.008111	-1.701393
	  480	    4	 2048	0.007968	0.008038	-0.870863
	  496	    4	 2048	0.007974	0.008040	-0.820896
	  512	    4	 2048	0.008003	0.007953	0.628694
	  768	    4	 2048	0.008434	0.009114	-7.461049
	 1024	    4	 2048	0.010226	0.010395	-1.625782
	 1536	    4	 2048	0.011136	0.011278	-1.259088
	 2048	    4	 2048	0.011584	0.011837	-2.137366
	 3072	    4	 2048	0.016042	0.016057	-0.093417
	 4096	    4	 2048	0.016996	0.017037	-0.240653
	 7168	    4	 2048	0.027332	0.027331	0.003659
	 8192	    4	 2048	0.027734	0.027878	-0.516536
	11264	    4	 2048	0.037507	0.037303	0.546873
	12288	    4	 2048	0.038401	0.284896	-86.521046
	15360	    4	 2048	0.047690	0.047624	0.138586
	16384	    4	 2048	0.048874	0.049163	-0.587840
	    1	  128	 2048	0.078254	0.007874	893.827788
	    2	  128	 2048	0.079593	0.008596	825.930665
	    4	  128	 2048	0.077895	0.008573	808.608422
	    8	  128	 2048	0.077226	0.008492	809.397080
	   16	  128	 2048	0.077074	0.008792	776.637853
	   24	  128	 2048	0.077440	0.008887	771.385169
	   32	  128	 2048	0.076110	0.008769	767.943893
	   40	  128	 2048	0.078114	0.008726	795.186798
	   48	  128	 2048	0.078530	0.008824	789.959202
	   56	  128	 2048	0.050083	0.008603	482.157387
	   64	  128	 2048	0.049575	0.008910	456.397306
	   72	  128	 2048	0.049652	0.008595	477.684700
	   80	  128	 2048	0.050622	0.008718	480.660702
	   88	  128	 2048	0.049658	0.008893	458.394243
	   96	  128	 2048	0.050344	0.008791	472.676601
	  104	  128	 2048	0.050615	0.008567	490.813587
	  112	  128	 2048	0.050221	0.008567	486.214544
	  120	  128	 2048	0.050457	0.009830	413.296033
	  128	  128	 2048	0.049769	0.009787	408.521508
	  136	  128	 2048	0.078657	0.008601	814.509941
	  144	  128	 2048	0.078451	0.008621	809.998840
	  152	  128	 2048	0.078063	0.008591	808.660226
	  160	  128	 2048	0.050113	0.008629	480.750956
	  168	  128	 2048	0.049400	0.008717	466.708730
	  176	  128	 2048	0.049972	0.008580	482.424242
	  184	  128	 2048	0.075512	0.008627	775.298482
	  192	  128	 2048	0.049516	0.009469	422.927447
	  200	  128	 2048	0.049460	0.008639	472.519968
	  208	  128	 2048	0.049821	0.008647	476.165144
	  216	  128	 2048	0.050683	0.008669	484.646441
	  224	  128	 2048	0.049710	0.008668	473.488694
	  232	  128	 2048	0.049886	0.008729	471.497308
	  240	  128	 2048	0.050248	0.008661	480.163953
	  248	  128	 2048	0.049441	0.008810	461.191827
	  256	  128	 2048	0.049118	0.010213	380.936062
	  272	  128	 2048	0.050253	0.009084	453.203435
	  288	  128	 2048	0.050588	0.009082	457.013874
	  304	  128	 2048	0.049652	0.008967	453.719193
	  320	  128	 2048	0.052321	0.009490	451.327713
	  336	  128	 2048	0.052294	0.009064	476.941748
	  352	  128	 2048	0.050353	0.009424	434.306027
	  368	  128	 2048	0.051978	0.009099	471.249588
	  384	  128	 2048	0.050995	0.010240	397.998047
	  400	  128	 2048	0.052056	0.009133	469.977006
	  416	  128	 2048	0.051208	0.009028	467.213115
	  432	  128	 2048	0.051841	0.009112	468.931080
	  448	  128	 2048	0.051190	0.009486	439.637360
	  464	  128	 2048	0.050980	0.009140	457.768053
	  480	  128	 2048	0.050334	0.009095	453.424959
	  496	  128	 2048	0.051068	0.009141	458.669730
	  512	  128	 2048	0.050750	0.010279	393.725071
	  768	  128	 2048	0.050654	0.011330	347.078553
	 1024	  128	 2048	0.044616	0.011419	290.717226
	 1536	  128	 2048	0.049842	0.012936	285.296846
	 2048	  128	 2048	0.050693	0.013392	278.531959
	 3072	  128	 2048	0.077074	0.019271	299.948109
	 4096	  128	 2048	0.076370	0.020794	267.269405
	 7168	  128	 2048	0.050634	0.034156	48.243354
	 8192	  128	 2048	0.049044	0.034944	40.350275
	11264	  128	 2048	0.036344	0.048392	-24.896677
	12280	  128	 2048	0.059137	0.038278	54.493443
	15360	  128	 2048	0.062837	0.062361	0.763298
	16384	  128	 2048	0.063703	0.063275	0.676412
	    1	 1024	 2048	0.077208	0.012284	528.524910
	    2	 1024	 2048	0.078399	0.024667	217.829489
	    4	 1024	 2048	0.078033	0.022642	244.638283
	    8	 1024	 2048	0.077432	0.023430	230.482288
	   16	 1024	 2048	0.081608	0.022774	258.338456
	   24	 1024	 2048	0.080526	0.022918	251.365739
	   32	 1024	 2048	0.080228	0.023293	244.429657
	   40	 1024	 2048	0.080398	0.023091	248.178944
	   48	 1024	 2048	0.080135	0.022241	260.303044
	   56	 1024	 2048	0.080281	0.022610	255.068554
	   64	 1024	 2048	0.079605	0.022481	254.099017
	   72	 1024	 2048	0.078780	0.012277	541.687709
	   80	 1024	 2048	0.050620	0.012411	307.863992
	   88	 1024	 2048	0.049845	0.012225	307.730061
	   96	 1024	 2048	0.049712	0.012595	294.696308
	  104	 1024	 2048	0.050252	0.013248	279.317633
	  112	 1024	 2048	0.050608	0.012324	310.645894
	  120	 1024	 2048	0.049633	0.012041	312.199983
	  128	 1024	 2048	0.050260	0.013294	278.065293
	  136	 1024	 2048	0.050780	0.012306	312.644239
	  144	 1024	 2048	0.050239	0.012457	303.299350
	  152	 1024	 2048	0.050193	0.012315	307.576127
	  160	 1024	 2048	0.050338	0.012666	297.426180
	  168	 1024	 2048	0.049728	0.012345	302.818955
	  176	 1024	 2048	0.050078	0.012386	304.311319
	  184	 1024	 2048	0.050579	0.012347	309.646068
	  192	 1024	 2048	0.050604	0.013319	279.938434
	  200	 1024	 2048	0.050613	0.012313	311.053358
	  208	 1024	 2048	0.050630	0.012479	305.721612
	  216	 1024	 2048	0.050412	0.012299	309.886983
	  224	 1024	 2048	0.050659	0.012467	306.344750
	  232	 1024	 2048	0.050334	0.012403	305.821172
	  240	 1024	 2048	0.051222	0.012435	311.917973
	  248	 1024	 2048	0.050890	0.012435	309.248090
	  256	 1024	 2048	0.050571	0.013405	277.254756
	  272	 1024	 2048	0.051024	0.013619	274.653058
	  288	 1024	 2048	0.050619	0.013709	269.239186
	  304	 1024	 2048	0.050303	0.013649	268.547146
	  320	 1024	 2048	0.050406	0.013726	267.230074
	  336	 1024	 2048	0.049591	0.013704	261.872446
	  352	 1024	 2048	0.048670	0.013785	253.064926
	  368	 1024	 2048	0.048066	0.013759	249.342249
	  384	 1024	 2048	0.048122	0.014274	237.130447
	  400	 1024	 2048	0.048418	0.013945	247.206884
	  416	 1024	 2048	0.048287	0.013982	245.351166
	  432	 1024	 2048	0.047825	0.013958	242.635048
	  448	 1024	 2048	0.047983	0.014087	240.619010
	  464	 1024	 2048	0.049429	0.014113	250.237370
	  480	 1024	 2048	0.048756	0.014080	246.278409
	  496	 1024	 2048	0.049340	0.014135	249.062611
	  512	 1024	 2048	0.049906	0.014020	255.962910
	  768	 1024	 2048	0.049203	0.016749	193.766792
	 1024	 1024	 2048	0.049906	0.017922	178.462225
	 1536	 1024	 2048	0.050496	0.023487	114.995529
	 2048	 1024	 2048	0.050244	0.024293	106.825011
	 3072	 1024	 2048	0.053444	0.038304	39.525898
	 4096	 1024	 2048	0.061173	0.086420	-29.214302
	 7168	 1024	 2048	0.080226	0.108737	-26.220146
	 8192	 1024	 2048	0.080702	0.112403	-28.202984
	11264	 1024	 2048	0.093115	0.112880	-17.509745
	12280	 1024	 2048	0.089070	0.111983	-20.461141
	15360	 1024	 2048	0.109842	0.111511	-1.496713
	16384	 1024	 2048	0.119520	0.118635	0.745986
	    1	 2048	    1	0.011111	0.011157	-0.412297
	    2	 2048	    1	0.011269	0.011292	-0.203684
	    4	 2048	    1	0.011046	0.011047	-0.009052
	    8	 2048	    1	0.011503	0.011663	-1.371860
	   16	 2048	    1	0.011582	0.011592	-0.086266
	   24	 2048	    1	0.011784	0.011792	-0.067843
	   32	 2048	    1	0.011990	0.011946	0.368324
	   40	 2048	    1	0.012040	0.012162	-1.003124
	   48	 2048	    1	0.011963	0.012009	-0.383046
	   56	 2048	    1	0.012098	0.012043	0.456697
	   64	 2048	    1	0.012176	0.012115	0.503508
	   72	 2048	    1	0.012122	0.012229	-0.874969
	   80	 2048	    1	0.012183	0.012130	0.436933
	   88	 2048	    1	0.012087	0.012247	-1.306442
	   96	 2048	    1	0.012191	0.012428	-1.906984
	  104	 2048	    1	0.012196	0.012250	-0.440816
	  112	 2048	    1	0.012266	0.012330	-0.519059
	  120	 2048	    1	0.012101	0.012313	-1.721757
	  128	 2048	    1	0.012232	0.012419	-1.505757
	  136	 2048	    1	0.012321	0.012653	-2.623884
	  144	 2048	    1	0.012284	0.012689	-3.191741
	  152	 2048	    1	0.012282	0.012336	-0.437743
	  160	 2048	    1	0.012324	0.012447	-0.988190
	  168	 2048	    1	0.012373	0.012423	-0.402479
	  176	 2048	    1	0.012313	0.012374	-0.492969
	  184	 2048	    1	0.012403	0.012469	-0.529313
	  192	 2048	    1	0.012429	0.012450	-0.168675
	  200	 2048	    1	0.012444	0.012451	-0.056220
	  208	 2048	    1	0.012367	0.012390	-0.185634
	  216	 2048	    1	0.012472	0.012509	-0.295787
	  224	 2048	    1	0.012487	0.012468	0.152390
	  232	 2048	    1	0.012397	0.012504	-0.855726
	  240	 2048	    1	0.012564	0.012501	0.503960
	  248	 2048	    1	0.012497	0.012526	-0.231518
	  256	 2048	    1	0.012437	0.012527	-0.718448
	  272	 2048	    1	0.012608	0.012636	-0.221589
	  288	 2048	    1	0.012702	0.012810	-0.843091
	  304	 2048	    1	0.012521	0.012538	-0.135588
	  320	 2048	    1	0.012688	0.012710	-0.173092
	  336	 2048	    1	0.012640	0.012757	-0.917144
	  352	 2048	    1	0.012725	0.012741	-0.125579
	  368	 2048	    1	0.012689	0.012710	-0.165224
	  384	 2048	    1	0.012776	0.012787	-0.086025
	  400	 2048	    1	0.012717	0.012743	-0.204034
	  416	 2048	    1	0.012800	0.012846	-0.358088
	  432	 2048	    1	0.012779	0.012798	-0.148461
	  448	 2048	    1	0.012893	0.012884	0.069854
	  464	 2048	    1	0.012780	0.012833	-0.412998
	  480	 2048	    1	0.012907	0.012948	-0.316651
	  496	 2048	    1	0.012866	0.012867	-0.007772
	  512	 2048	    1	0.012996	0.013005	-0.069204
	  768	 2048	    1	0.013121	0.013141	-0.152195
	 1024	 2048	    1	0.013359	0.013448	-0.661808
	 1536	 2048	    1	0.013649	0.014005	-2.541949
	 2048	 2048	    1	0.014077	0.014015	0.442383
	 3072	 2048	    1	0.014952	0.014894	0.389419
	 4096	 2048	    1	0.016424	0.016323	0.618759
	 7168	 2048	    1	0.020939	0.020934	0.023885
	 8192	 2048	    1	0.022023	0.021855	0.768703
	11264	 2048	    1	0.027314	0.027433	-0.433784
	12280	 2048	    1	0.028748	0.028567	0.633598
	15360	 2048	    1	0.033963	0.033985	-0.064734
	16384	 2048	    1	0.035553	0.035575	-0.061841
	    1	 2048	   16	0.049897	0.013932	258.146713
	    2	 2048	   16	0.050484	0.014740	242.496608
	    4	 2048	   16	0.049904	0.015688	218.103009
	    8	 2048	   16	0.049585	0.014895	232.896945
	   16	 2048	   16	0.050009	0.014830	237.215105
	   24	 2048	   16	0.050217	0.015323	227.723031
	   32	 2048	   16	0.048991	0.014779	231.490629
	   40	 2048	   16	0.050050	0.014622	242.292436
	   48	 2048	   16	0.050012	0.014749	239.087396
	   56	 2048	   16	0.050406	0.014891	238.499765
	   64	 2048	   16	0.049298	0.014684	235.725960
	   72	 2048	   16	0.049905	0.014778	237.697929
	   80	 2048	   16	0.051056	0.017668	188.974417
	   88	 2048	   16	0.050402	0.014859	239.201831
	   96	 2048	   16	0.050311	0.015496	224.670883
	  104	 2048	   16	0.050811	0.015046	237.704373
	  112	 2048	   16	0.049515	0.015037	229.287757
	  120	 2048	   16	0.049681	0.015107	228.860793
	  128	 2048	   16	0.049698	0.015203	226.896007
	  136	 2048	   16	0.049632	0.015167	227.236764
	  144	 2048	   16	0.050643	0.015067	236.118670
	  152	 2048	   16	0.049067	0.015159	223.682301
	  160	 2048	   16	0.049551	0.014935	231.777703
	  168	 2048	   16	0.051186	0.014923	243.000737
	  176	 2048	   16	0.049846	0.014937	233.708241
	  184	 2048	   16	0.050955	0.014918	241.567234
	  192	 2048	   16	0.049740	0.014921	233.355673
	  200	 2048	   16	0.050204	0.014995	234.804935
	  208	 2048	   16	0.050780	0.014965	239.325092
	  216	 2048	   16	0.050663	0.015160	234.188654
	  224	 2048	   16	0.050133	0.015152	230.867212
	  232	 2048	   16	0.050045	0.015172	229.851041
	  240	 2048	   16	0.050368	0.015184	231.717597
	  248	 2048	   16	0.050618	0.015356	229.630112
	  256	 2048	   16	0.050463	0.015394	227.809536
	  272	 2048	   16	0.050481	0.015240	231.240157
	  288	 2048	   16	0.050948	0.015359	231.714304
	  304	 2048	   16	0.050675	0.015714	222.483136
	  320	 2048	   16	0.051035	0.015298	233.605700
	  336	 2048	   16	0.050258	0.015674	220.645655
	  352	 2048	   16	0.050766	0.015627	224.860818
	  368	 2048	   16	0.050639	0.015788	220.743603
	  384	 2048	   16	0.051501	0.015702	227.990065
	  400	 2048	   16	0.051784	0.015910	225.480830
	  416	 2048	   16	0.050586	0.015996	216.241560
	  432	 2048	   16	0.051449	0.016015	221.255073
	  448	 2048	   16	0.053386	0.016174	230.072957
	  464	 2048	   16	0.050808	0.015990	217.748593
	  480	 2048	   16	0.050447	0.015890	217.476400
	  496	 2048	   16	0.051114	0.016110	217.281192
	  512	 2048	   16	0.051951	0.015831	228.159939
	  768	 2048	   16	0.051743	0.015763	228.256043
	 1024	 2048	   16	0.052020	0.016153	222.045440
	 1536	 2048	   16	0.051774	0.016757	208.969386
	 2048	 2048	   16	0.052912	0.017486	202.596363
	 3072	 2048	   16	0.052589	0.018176	189.332086
	 4096	 2048	   16	0.053674	0.020419	162.863020
	 7168	 2048	   16	0.054986	0.027181	102.295721
	 8192	 2048	   16	0.055316	0.029542	87.245278
	11264	 2048	   16	0.060419	0.036898	63.746002
	12280	 2048	   16	0.061155	0.040045	52.715695
	15360	 2048	   16	0.090040	0.045100	99.645233
	16384	 2048	   16	0.121380	0.046147	163.029016
	    1	 2048	  512	0.077992	0.014345	443.687696
	    2	 2048	  512	0.077823	0.013889	460.321117
	    4	 2048	  512	0.075310	0.013781	446.477034
	    8	 2048	  512	0.077552	0.013747	464.137630
	   16	 2048	  512	0.077618	0.012712	510.588420
	   24	 2048	  512	0.077198	0.013650	465.553114
	   32	 2048	  512	0.076961	0.013138	485.789313
	   40	 2048	  512	0.078116	0.013625	473.328440
	   48	 2048	  512	0.076941	0.013070	488.684009
	   56	 2048	  512	0.077107	0.013745	460.982175
	   64	 2048	  512	0.077018	0.012972	493.724946
	   72	 2048	  512	0.055002	0.015318	259.067763
	   80	 2048	  512	0.049948	0.012994	284.392797
	   88	 2048	  512	0.050153	0.013838	262.429542
	   96	 2048	  512	0.050547	0.013280	280.625000
	  104	 2048	  512	0.049744	0.013721	262.539174
	  112	 2048	  512	0.050222	0.013246	279.148422
	  120	 2048	  512	0.050683	0.014168	257.728684
	  128	 2048	  512	0.050240	0.014986	235.246230
	  136	 2048	  512	0.051094	0.013739	271.890239
	  144	 2048	  512	0.049557	0.013271	273.423254
	  152	 2048	  512	0.050349	0.013942	261.131832
	  160	 2048	  512	0.049591	0.013286	273.257564
	  168	 2048	  512	0.049945	0.013793	262.103966
	  176	 2048	  512	0.049699	0.013194	276.678793
	  184	 2048	  512	0.049743	0.013787	260.796402
	  192	 2048	  512	0.049435	0.013353	270.216431
	  200	 2048	  512	0.050194	0.013854	262.306915
	  208	 2048	  512	0.049407	0.013297	271.565015
	  216	 2048	  512	0.050673	0.014196	256.952663
	  224	 2048	  512	0.049874	0.013379	272.778235
	  232	 2048	  512	0.050458	0.014966	237.150875
	  240	 2048	  512	0.050098	0.013627	267.637778
	  248	 2048	  512	0.050416	0.014235	254.169301
	  256	 2048	  512	0.049730	0.013522	267.771040
	  272	 2048	  512	0.050317	0.014388	249.715040
	  288	 2048	  512	0.050004	0.015729	217.909594
	  304	 2048	  512	0.050181	0.014701	241.344126
	  320	 2048	  512	0.049335	0.014940	230.220884
	  336	 2048	  512	0.050462	0.015181	232.402345
	  352	 2048	  512	0.050486	0.014691	243.652576
	  368	 2048	  512	0.050210	0.015205	230.220322
	  384	 2048	  512	0.050376	0.018661	169.953379
	  400	 2048	  512	0.050946	0.016568	207.496379
	  416	 2048	  512	0.050153	0.014916	236.236256
	  432	 2048	  512	0.050005	0.015007	233.211168
	  448	 2048	  512	0.050780	0.015281	232.308095
	  464	 2048	  512	0.050390	0.015023	235.419024
	  480	 2048	  512	0.050394	0.015226	230.973335
	  496	 2048	  512	0.050792	0.015034	237.847546
	  512	 2048	  512	0.050165	0.015019	234.010254
	  768	 2048	  512	0.050160	0.016050	212.523364
	 1024	 2048	  512	0.050839	0.016202	213.782249
	 1536	 2048	  512	0.050858	0.016977	199.570006
	 2048	 2048	  512	0.050331	0.017888	181.367397
	 3072	 2048	  512	0.052400	0.023647	121.592591
	 4096	 2048	  512	0.053276	0.027016	97.201658
	 7168	 2048	  512	0.062467	0.044328	40.919960
	 8192	 2048	  512	0.063927	0.063031	1.421523
	11264	 2048	  512	0.074860	0.074403	0.614223
	12280	 2048	  512	0.076536	0.077564	-1.325357
	15360	 2048	  512	0.080717	0.078513	2.807178
	16384	 2048	  512	0.080895	0.077898	3.847339
	    1	 2048	 2560	0.052266	0.015758	231.679147
	    2	 2048	 2560	0.051163	0.015448	231.194977
	    4	 2048	 2560	0.050877	0.015049	238.075620
	    8	 2048	 2560	0.050257	0.015493	224.385206
	   16	 2048	 2560	0.051285	0.015425	232.479741
	   24	 2048	 2560	0.050920	0.016191	214.495707
	   32	 2048	 2560	0.051184	0.015372	232.969035
	   40	 2048	 2560	0.049901	0.015352	225.045597
	   48	 2048	 2560	0.050536	0.015273	230.884568
	   56	 2048	 2560	0.051320	0.016224	216.321499
	   64	 2048	 2560	0.051463	0.016408	213.645783
	   72	 2048	 2560	0.051126	0.016289	213.868255
	   80	 2048	 2560	0.051457	0.016109	219.430132
	   88	 2048	 2560	0.051219	0.016514	210.155020
	   96	 2048	 2560	0.050422	0.016067	213.823365
	  104	 2048	 2560	0.049156	0.016169	204.013854
	  112	 2048	 2560	0.049125	0.016162	203.953719
	  120	 2048	 2560	0.048864	0.016198	201.666872
	  128	 2048	 2560	0.048423	0.016993	184.958512
	  136	 2048	 2560	0.048885	0.016723	192.321952
	  144	 2048	 2560	0.048176	0.016494	192.081969
	  152	 2048	 2560	0.048427	0.016696	190.051509
	  160	 2048	 2560	0.049065	0.016402	199.140349
	  168	 2048	 2560	0.048818	0.016536	195.222545
	  176	 2048	 2560	0.049042	0.016481	197.566895
	  184	 2048	 2560	0.049072	0.016600	195.614458
	  192	 2048	 2560	0.049217	0.017568	180.151412
	  200	 2048	 2560	0.049382	0.018429	167.958110
	  208	 2048	 2560	0.049237	0.018300	169.054645
	  216	 2048	 2560	0.049345	0.018871	161.485878
	  224	 2048	 2560	0.048967	0.018124	170.177665
	  232	 2048	 2560	0.049335	0.018102	172.538946
	  240	 2048	 2560	0.048697	0.018197	167.610046
	  248	 2048	 2560	0.049254	0.018102	172.091482
	  256	 2048	 2560	0.048256	0.017668	173.126556
	  272	 2048	 2560	0.048656	0.018351	165.140864
	  288	 2048	 2560	0.049172	0.018412	167.064958
	  304	 2048	 2560	0.049060	0.018331	167.634063
	  320	 2048	 2560	0.053828	0.018172	196.213956
	  336	 2048	 2560	0.050619	0.018325	176.229195
	  352	 2048	 2560	0.050497	0.018659	170.630795
	  368	 2048	 2560	0.050037	0.018476	170.821606
	  384	 2048	 2560	0.050356	0.018338	174.599193
	  400	 2048	 2560	0.050556	0.023114	118.724583
	  416	 2048	 2560	0.050710	0.023158	118.974005
	  432	 2048	 2560	0.050787	0.023047	120.362737
	  448	 2048	 2560	0.050067	0.021318	134.857867
	  464	 2048	 2560	0.050498	0.023236	117.326562
	  480	 2048	 2560	0.050869	0.023665	114.954574
	  496	 2048	 2560	0.051265	0.023198	120.988878
	  512	 2048	 2560	0.050488	0.021776	131.851580
	  768	 2048	 2560	0.051446	0.025828	99.186929
	 1024	 2048	 2560	0.054233	0.030078	80.307866
	 1536	 2048	 2560	0.057029	0.031515	80.958274
	 2048	 2048	 2560	0.067974	0.066642	1.998740
	 3072	 2048	 2560	0.080129	0.077823	2.963134
	 4096	 2048	 2560	0.080059	0.079239	1.034844
	 7168	 2048	 2560	0.124812	0.124677	0.108280
	 8192	 2048	 2560	0.141190	0.141021	0.119840
	11264	 2048	 2560	0.195863	0.194171	0.871397
	12280	 2048	 2560	0.207448	0.207987	-0.259151
	15360	 2048	 2560	0.268727	0.267770	0.357396
	16384	 2048	 2560	0.285526	0.285913	-0.135356
	    1	 2048	 3072	0.050555	0.016389	208.469095
	    2	 2048	 3072	0.051426	0.015802	225.439818
	    4	 2048	 3072	0.051876	0.015631	231.878958
	    8	 2048	 3072	0.051299	0.015676	227.245471
	   16	 2048	 3072	0.051284	0.015846	223.640035
	   24	 2048	 3072	0.050727	0.015625	224.652800
	   32	 2048	 3072	0.051036	0.016513	209.065585
	   40	 2048	 3072	0.051629	0.016478	213.320791
	   48	 2048	 3072	0.050895	0.016619	206.245863
	   56	 2048	 3072	0.051761	0.016522	213.285317
	   64	 2048	 3072	0.052130	0.016672	212.679942
	   72	 2048	 3072	0.050815	0.016646	205.268533
	   80	 2048	 3072	0.051129	0.016675	206.620690
	   88	 2048	 3072	0.051098	0.016659	206.729095
	   96	 2048	 3072	0.051159	0.016679	206.727022
	  104	 2048	 3072	0.050890	0.016627	206.068443
	  112	 2048	 3072	0.051321	0.016651	208.215723
	  120	 2048	 3072	0.051549	0.016573	211.042056
	  128	 2048	 3072	0.050852	0.017751	186.474001
	  136	 2048	 3072	0.050852	0.018579	173.706873
	  144	 2048	 3072	0.050647	0.018521	173.457157
	  152	 2048	 3072	0.051283	0.018622	175.389324
	  160	 2048	 3072	0.050742	0.018524	173.925718
	  168	 2048	 3072	0.050467	0.018502	172.765106
	  176	 2048	 3072	0.050631	0.018550	172.943396
	  184	 2048	 3072	0.051519	0.018569	177.446281
	  192	 2048	 3072	0.051380	0.018330	180.305510
	  200	 2048	 3072	0.051298	0.018643	175.159577
	  208	 2048	 3072	0.051050	0.018545	175.276355
	  216	 2048	 3072	0.051616	0.018546	178.313383
	  224	 2048	 3072	0.051211	0.018527	176.412803
	  232	 2048	 3072	0.050718	0.018530	173.707501
	  240	 2048	 3072	0.050658	0.018531	173.368949
	  248	 2048	 3072	0.050974	0.018547	174.836901
	  256	 2048	 3072	0.050967	0.018382	177.265804
	  272	 2048	 3072	0.050881	0.018431	176.062069
	  288	 2048	 3072	0.051352	0.019156	168.072667
	  304	 2048	 3072	0.051141	0.018495	176.512571
	  320	 2048	 3072	0.051271	0.018858	171.879309
	  336	 2048	 3072	0.050463	0.023229	117.241379
	  352	 2048	 3072	0.051162	0.023248	120.070544
	  368	 2048	 3072	0.051598	0.023262	121.812398
	  384	 2048	 3072	0.051584	0.021458	140.395191
	  400	 2048	 3072	0.051201	0.023444	118.397031
	  416	 2048	 3072	0.051228	0.023341	119.476458
	  432	 2048	 3072	0.050546	0.023504	115.052757
	  448	 2048	 3072	0.051001	0.022667	125.001103
	  464	 2048	 3072	0.050914	0.023707	114.763572
	  480	 2048	 3072	0.050578	0.023683	113.562471
	  496	 2048	 3072	0.051445	0.023773	116.400959
	  512	 2048	 3072	0.050681	0.022317	127.095936
	  768	 2048	 3072	0.054431	0.029981	81.551649
	 1024	 2048	 3072	0.055130	0.030883	78.512450
	 1536	 2048	 3072	0.067766	0.066097	2.525077
	 2048	 2048	 3072	0.071119	0.069467	2.378108
	 3072	 2048	 3072	0.080749	0.077821	3.762481
	 4096	 2048	 3072	0.086340	0.086845	-0.581496
	 7168	 2048	 3072	0.152403	0.154117	-1.112142
	 8192	 2048	 3072	0.168211	0.168940	-0.431514
	11264	 2048	 3072	0.229655	0.228991	0.289968
	12280	 2048	 3072	0.251593	0.253156	-0.617406
	15360	 2048	 3072	0.320184	0.317642	0.800272
	16384	 2048	 3072	0.352338	0.345386	2.012820
	    1	 2048	37984	0.080641	0.077778	3.680989
	    2	 2048	37984	0.080593	0.072232	11.575202
	    4	 2048	37984	0.080741	0.071472	12.968715
	    8	 2048	37984	0.080971	0.071173	13.766456
	   16	 2048	37984	0.081247	0.071194	14.120572
	   24	 2048	37984	0.080750	0.088232	-8.479917
	   32	 2048	37984	0.081798	0.076199	7.347865
	   40	 2048	37984	0.081228	0.072742	11.665888
	   48	 2048	37984	0.081073	0.075078	7.985029
	   56	 2048	37984	0.080206	0.072330	10.888981
	   64	 2048	37984	0.081784	0.072094	13.440786
	   72	 2048	37984	0.081617	0.098219	-16.903043
	   80	 2048	37984	0.081116	0.100163	-19.016004
	   88	 2048	37984	0.081512	0.100269	-18.706679
	   96	 2048	37984	0.080763	0.085728	-5.791573
	  104	 2048	37984	0.081243	0.081270	-0.033223
	  112	 2048	37984	0.081479	0.078449	3.862382
	  120	 2048	37984	0.081385	0.081169	0.266111
	  128	 2048	37984	0.080928	0.076656	5.572949
	  136	 2048	37984	0.106634	0.120229	-11.307588
	  144	 2048	37984	0.103544	0.111921	-7.484744
	  152	 2048	37984	0.100960	0.101106	-0.144403
	  160	 2048	37984	0.099744	0.099326	0.420836
	  168	 2048	37984	0.093725	0.094610	-0.935419
	  176	 2048	37984	0.092463	0.092091	0.403948
	  184	 2048	37984	0.091921	0.092064	-0.155327
	  192	 2048	37984	0.092302	0.092217	0.092174
	  200	 2048	37984	0.102066	0.101579	0.479430
	  208	 2048	37984	0.100010	0.100200	-0.189621
	  216	 2048	37984	0.099454	0.099184	0.272221
	  224	 2048	37984	0.098796	0.098866	-0.070803
	  232	 2048	37984	0.096896	0.097242	-0.355813
	  240	 2048	37984	0.096789	0.096489	0.310916
	  248	 2048	37984	0.097047	0.096630	0.431543
	  256	 2048	37984	0.097158	0.097210	-0.053492
	  272	 2048	37984	0.150145	0.151626	-0.976745
	  288	 2048	37984	0.145131	0.154839	-6.269738
	  304	 2048	37984	0.135847	0.139762	-2.801191
	  320	 2048	37984	0.131667	0.136190	-3.321096
	  336	 2048	37984	0.132323	0.132205	0.089255
	  352	 2048	37984	0.129627	0.129852	-0.173274
	  368	 2048	37984	0.123815	0.123874	-0.047629
	  384	 2048	37984	0.122995	0.122889	0.086257
	  400	 2048	37984	0.168647	0.168907	-0.153931
	  416	 2048	37984	0.165049	0.165469	-0.253824
	  432	 2048	37984	0.162124	0.162514	-0.239979
	  448	 2048	37984	0.160249	0.160286	-0.023084
	  464	 2048	37984	0.155216	0.154643	0.370531
	  480	 2048	37984	0.150121	0.150351	-0.152975
	  496	 2048	37984	0.146840	0.146325	0.351956
	  512	 2048	37984	0.145831	0.146471	-0.436947
	  768	 2048	37984	0.210115	0.211135	-0.483103
	 1024	 2048	37984	0.273874	0.273829	0.016434
	 1536	 2048	37984	0.424520	0.413827	2.583930
	 2048	 2048	37984	0.545351	0.549012	-0.666834
	 3072	 2048	37984	0.826370	0.812373	1.722977
	 4096	 2048	37984	1.083398	1.099364	-1.452294
	 7168	 2048	37984	1.934787	1.885965	2.588701
	 8192	 2048	37984	2.087670	2.196873	-4.970838
	11264	 2048	37984	2.903864	2.914283	-0.357515
	12280	 2048	37984	3.150327	3.173610	-0.733644
	15360	 2048	37984	3.838557	3.910493	-1.839563
	16384	 2048	37984	4.120329	4.097575	0.555304
	  384	  384	  384	0.077233	0.023214	232.700095
	 1024	 1024	 1024	0.057204	0.023233	146.218741
	 2048	 2048	 2048	0.058748	0.080180	-26.729858
	 4096	 4096	 4096	0.212185	0.211934	0.118433
