#       M	    K	    N	  origin   optimized   speedup(%)
	    1	    4	 2048	0.002762	0.003538	-21.933296
	    2	    4	 2048	0.003055	0.003028	0.891678
	    4	    4	 2048	0.002950	0.002930	0.682594
	    8	    4	 2048	0.003035	0.003024	0.363757
	   16	    4	 2048	0.003043	0.003026	0.561798
	   24	    4	 2048	0.002989	0.002818	6.068133
	   32	    4	 2048	0.002974	0.004047	-26.513467
	   40	    4	 2048	0.002986	0.003900	-23.435897
	   48	    4	 2048	0.002988	0.002812	6.258890
	   56	    4	 2048	0.003028	0.003037	-0.296345
	   64	    4	 2048	0.003103	0.003434	-9.638905
	   72	    4	 2048	0.003137	0.003126	0.351887
	   80	    4	 2048	0.003176	0.003186	-0.313873
	   88	    4	 2048	0.003190	0.003060	4.248366
	   96	    4	 2048	0.003194	0.003187	0.219642
	  104	    4	 2048	0.003140	0.003127	0.415734
	  112	    4	 2048	0.003209	0.003200	0.281250
	  120	    4	 2048	0.003207	0.003197	0.312793
	  128	    4	 2048	0.003210	0.003200	0.312500
	  136	    4	 2048	0.003480	0.003463	0.490904
	  144	    4	 2048	0.003158	0.003156	0.063371
	  152	    4	 2048	0.003164	0.003130	1.086262
	  160	    4	 2048	0.003156	0.003160	-0.126582
	  168	    4	 2048	0.003167	0.003154	0.412175
	  176	    4	 2048	0.003217	0.003209	0.249299
	  184	    4	 2048	0.003240	0.003211	0.903145
	  192	    4	 2048	0.003176	0.003164	0.379267
	  200	    4	 2048	0.003257	0.003246	0.338879
	  208	    4	 2048	0.003174	0.003164	0.316056
	  216	    4	 2048	0.003181	0.003190	-0.282132
	  224	    4	 2048	0.003172	0.003181	-0.282930
	  232	    4	 2048	0.003174	0.003170	0.126183
	  240	    4	 2048	0.003166	0.003158	0.253325
	  248	    4	 2048	0.003169	0.003167	0.063151
	  256	    4	 2048	0.003163	0.003168	-0.157828
	  272	    4	 2048	0.003763	0.003766	-0.079660
	  288	    4	 2048	0.003669	0.003676	-0.190424
	  304	    4	 2048	0.003772	0.003765	0.185923
	  320	    4	 2048	0.003777	0.003777	0.000000
	  336	    4	 2048	0.003695	0.003698	-0.081125
	  352	    4	 2048	0.003696	0.003688	0.216920
	  368	    4	 2048	0.003702	0.003703	-0.027005
	  384	    4	 2048	0.003677	0.003700	-0.621622
	  400	    4	 2048	0.003810	0.003710	2.695418
	  416	    4	 2048	0.003699	0.003705	-0.161943
	  432	    4	 2048	0.003783	0.003786	-0.079239
	  448	    4	 2048	0.003784	0.003784	0.000000
	  464	    4	 2048	0.003814	0.003810	0.104987
	  480	    4	 2048	0.003718	0.003726	-0.214707
	  496	    4	 2048	0.003816	0.003818	-0.052383
	  512	    4	 2048	0.003729	0.003738	-0.240770
	  768	    4	 2048	0.004162	0.004158	0.096200
	 1024	    4	 2048	0.005575	0.005595	-0.357462
	 1536	    4	 2048	0.006977	0.006973	0.057364
	 2048	    4	 2048	0.007142	0.007256	-1.571114
	 3072	    4	 2048	0.012082	0.012142	-0.494153
	 4096	    4	 2048	0.012827	0.012762	0.509325
	 7168	    4	 2048	0.023672	0.023499	0.736202
	 8192	    4	 2048	0.023850	0.023925	-0.313480
	11264	    4	 2048	0.033525	0.033604	-0.235091
	12288	    4	 2048	0.034581	0.034579	0.005784
	15360	    4	 2048	0.044104	0.044135	-0.070239
	16384	    4	 2048	0.044930	0.044876	0.120332
	    1	  128	 2048	0.002959	0.002837	4.300317
	    2	  128	 2048	0.002839	0.002690	5.539033
	    4	  128	 2048	0.003033	0.002983	1.676165
	    8	  128	 2048	0.002554	0.002495	2.364729
	   16	  128	 2048	0.002576	0.002526	1.979414
	   24	  128	 2048	0.003008	0.002908	3.438790
	   32	  128	 2048	0.003033	0.002929	3.550700
	   40	  128	 2048	0.002741	0.002650	3.433962
	   48	  128	 2048	0.002701	0.002609	3.526255
	   56	  128	 2048	0.002696	0.002552	5.642633
	   64	  128	 2048	0.002610	0.002552	2.272727
	   72	  128	 2048	0.002867	0.002830	1.307420
	   80	  128	 2048	0.002814	0.002814	0.000000
	   88	  128	 2048	0.002750	0.002731	0.695716
	   96	  128	 2048	0.002760	0.002735	0.914077
	  104	  128	 2048	0.002981	0.002936	1.532698
	  112	  128	 2048	0.002955	0.002912	1.476648
	  120	  128	 2048	0.002940	0.002837	3.630596
	  128	  128	 2048	0.002861	0.002856	0.175070
	  136	  128	 2048	0.003015	0.002982	1.106640
	  144	  128	 2048	0.003076	0.002968	3.638814
	  152	  128	 2048	0.002982	0.002970	0.404040
	  160	  128	 2048	0.002994	0.002959	1.182832
	  168	  128	 2048	0.002936	0.002892	1.521438
	  176	  128	 2048	0.002863	0.002815	1.705151
	  184	  128	 2048	0.002834	0.002800	1.214286
	  192	  128	 2048	0.002796	0.002740	2.043796
	  200	  128	 2048	0.003046	0.003025	0.694215
	  208	  128	 2048	0.003051	0.003002	1.632245
	  216	  128	 2048	0.003054	0.003021	1.092354
	  224	  128	 2048	0.003058	0.003009	1.628448
	  232	  128	 2048	0.003005	0.003002	0.099933
	  240	  128	 2048	0.002992	0.002948	1.492537
	  248	  128	 2048	0.002929	0.002882	1.630812
	  256	  128	 2048	0.002914	0.002863	1.781348
	  272	  128	 2048	0.003140	0.003157	-0.538486
	  288	  128	 2048	0.003093	0.003071	0.716379
	  304	  128	 2048	0.003120	0.003099	0.677638
	  320	  128	 2048	0.003104	0.003085	0.615883
	  336	  128	 2048	0.003215	0.003159	1.772713
	  352	  128	 2048	0.003172	0.003131	1.309486
	  368	  128	 2048	0.003379	0.003303	2.300939
	  384	  128	 2048	0.003295	0.003259	1.104633
	  400	  128	 2048	0.003546	0.003480	1.896552
	  416	  128	 2048	0.003529	0.003585	-1.562064
	  432	  128	 2048	0.003183	0.003172	0.346784
	  448	  128	 2048	0.003185	0.003142	1.368555
	  464	  128	 2048	0.003287	0.003219	2.112457
	  480	  128	 2048	0.003247	0.003167	2.526050
	  496	  128	 2048	0.003213	0.003184	0.910804
	  512	  128	 2048	0.003197	0.003136	1.945153
	  768	  128	 2048	0.003656	0.003616	1.106195
	 1024	  128	 2048	0.004020	0.003966	1.361573
	 1536	  128	 2048	0.004734	0.004679	1.175465
	 2048	  128	 2048	0.005678	0.005634	0.780973
	 3072	  128	 2048	0.007404	0.007380	0.325203
	 4096	  128	 2048	0.009705	0.009753	-0.492156
	 7168	  128	 2048	0.016156	0.016126	0.186035
	 8192	  128	 2048	0.018192	0.018140	0.286659
	11264	  128	 2048	0.024505	0.024378	0.520962
	12280	  128	 2048	0.026140	0.025956	0.708892
	15360	  128	 2048	0.032432	0.032078	1.103560
	16384	  128	 2048	0.033818	0.033693	0.370997
	    1	 1024	 2048	0.004892	0.004847	0.928409
	    2	 1024	 2048	0.005163	0.005132	0.604053
	    4	 1024	 2048	0.005248	0.005158	1.744862
	    8	 1024	 2048	0.004888	0.004813	1.558280
	   16	 1024	 2048	0.004879	0.004810	1.434511
	   24	 1024	 2048	0.004712	0.004730	-0.380550
	   32	 1024	 2048	0.004681	0.004601	1.738752
	   40	 1024	 2048	0.004366	0.004350	0.367816
	   48	 1024	 2048	0.004332	0.004225	2.532544
	   56	 1024	 2048	0.004267	0.004178	2.130206
	   64	 1024	 2048	0.004263	0.004188	1.790831
	   72	 1024	 2048	0.005865	0.005789	1.312835
	   80	 1024	 2048	0.005688	0.005634	0.958466
	   88	 1024	 2048	0.005550	0.005419	2.417420
	   96	 1024	 2048	0.005427	0.005355	1.344538
	  104	 1024	 2048	0.005406	0.005334	1.349831
	  112	 1024	 2048	0.005358	0.005300	1.094340
	  120	 1024	 2048	0.005314	0.005252	1.180503
	  128	 1024	 2048	0.005281	0.005259	0.418330
	  136	 1024	 2048	0.005410	0.005463	-0.970163
	  144	 1024	 2048	0.005323	0.005347	-0.448850
	  152	 1024	 2048	0.005384	0.005221	3.122007
	  160	 1024	 2048	0.005326	0.005257	1.312536
	  168	 1024	 2048	0.005274	0.005342	-1.272931
	  176	 1024	 2048	0.005232	0.005110	2.387476
	  184	 1024	 2048	0.005099	0.005024	1.492834
	  192	 1024	 2048	0.005078	0.004963	2.317147
	  200	 1024	 2048	0.005537	0.005470	1.224863
	  208	 1024	 2048	0.005461	0.005412	0.905395
	  216	 1024	 2048	0.005423	0.005333	1.687605
	  224	 1024	 2048	0.005418	0.005336	1.536732
	  232	 1024	 2048	0.005308	0.005232	1.452599
	  240	 1024	 2048	0.005212	0.005130	1.598441
	  248	 1024	 2048	0.005113	0.005082	0.609996
	  256	 1024	 2048	0.005084	0.005118	-0.664322
	  272	 1024	 2048	0.007023	0.006835	2.750549
	  288	 1024	 2048	0.006725	0.006792	-0.986455
	  304	 1024	 2048	0.006427	0.006401	0.406187
	  320	 1024	 2048	0.006331	0.006265	1.053472
	  336	 1024	 2048	0.007235	0.007099	1.915763
	  352	 1024	 2048	0.006827	0.006793	0.500515
	  368	 1024	 2048	0.006504	0.006456	0.743494
	  384	 1024	 2048	0.006435	0.006347	1.386482
	  400	 1024	 2048	0.007365	0.007374	-0.122050
	  416	 1024	 2048	0.007249	0.007189	0.834608
	  432	 1024	 2048	0.006691	0.006626	0.980984
	  448	 1024	 2048	0.006568	0.006517	0.782569
	  464	 1024	 2048	0.007364	0.007279	1.167743
	  480	 1024	 2048	0.007013	0.007153	-1.957221
	  496	 1024	 2048	0.006636	0.006689	-0.792346
	  512	 1024	 2048	0.006588	0.006542	0.703149
	  768	 1024	 2048	0.008366	0.008094	3.360514
	 1024	 1024	 2048	0.008634	0.008535	1.159930
	 1536	 1024	 2048	0.012615	0.012223	3.207069
	 2048	 1024	 2048	0.014064	0.014174	-0.776069
	 3072	 1024	 2048	0.021881	0.021315	2.655407
	 4096	 1024	 2048	0.029575	0.029820	-0.821596
	 7168	 1024	 2048	0.055753	0.055222	0.961573
	 8192	 1024	 2048	0.060163	0.060296	-0.220578
	11264	 1024	 2048	0.082325	0.083079	-0.907570
	12280	 1024	 2048	0.087492	0.087538	-0.052549
	15360	 1024	 2048	0.110952	0.109426	1.394550
	16384	 1024	 2048	0.116470	0.119384	-2.440863
	    1	 2048	    1	0.004975	0.004895	1.634321
	    2	 2048	    1	0.004819	0.004878	-1.209512
	    4	 2048	    1	0.004813	0.004781	0.669316
	    8	 2048	    1	0.004895	0.004850	0.927835
	   16	 2048	    1	0.005012	0.005037	-0.496327
	   24	 2048	    1	0.005151	0.005148	0.058275
	   32	 2048	    1	0.005266	0.005175	1.758454
	   40	 2048	    1	0.005252	0.005231	0.401453
	   48	 2048	    1	0.005203	0.005146	1.107656
	   56	 2048	    1	0.005283	0.005240	0.820611
	   64	 2048	    1	0.005335	0.005241	1.793551
	   72	 2048	    1	0.005272	0.005243	0.553118
	   80	 2048	    1	0.005299	0.005279	0.378860
	   88	 2048	    1	0.005302	0.005269	0.626305
	   96	 2048	    1	0.005310	0.005285	0.473037
	  104	 2048	    1	0.005283	0.005296	-0.245468
	  112	 2048	    1	0.005314	0.005341	-0.505523
	  120	 2048	    1	0.005314	0.005270	0.834915
	  128	 2048	    1	0.005340	0.005295	0.849858
	  136	 2048	    1	0.005304	0.005291	0.245700
	  144	 2048	    1	0.005328	0.005313	0.282326
	  152	 2048	    1	0.005324	0.005319	0.094003
	  160	 2048	    1	0.005344	0.005331	0.243857
	  168	 2048	    1	0.005355	0.005423	-1.253918
	  176	 2048	    1	0.005469	0.005359	2.052622
	  184	 2048	    1	0.005363	0.005383	-0.371540
	  192	 2048	    1	0.005390	0.005375	0.279070
	  200	 2048	    1	0.005405	0.005396	0.166790
	  208	 2048	    1	0.005367	0.005447	-1.468698
	  216	 2048	    1	0.005505	0.005405	1.850139
	  224	 2048	    1	0.005426	0.005392	0.630564
	  232	 2048	    1	0.005404	0.005409	-0.092439
	  240	 2048	    1	0.005419	0.005416	0.055391
	  248	 2048	    1	0.005446	0.005446	0.000000
	  256	 2048	    1	0.005435	0.005422	0.239764
	  272	 2048	    1	0.005464	0.005459	0.091592
	  288	 2048	    1	0.005483	0.005468	0.274323
	  304	 2048	    1	0.005470	0.005463	0.128135
	  320	 2048	    1	0.005471	0.005449	0.403744
	  336	 2048	    1	0.005454	0.005482	-0.510762
	  352	 2048	    1	0.005502	0.005464	0.695461
	  368	 2048	    1	0.005467	0.005515	-0.870354
	  384	 2048	    1	0.005476	0.005453	0.421786
	  400	 2048	    1	0.005517	0.005446	1.303709
	  416	 2048	    1	0.005485	0.005458	0.494687
	  432	 2048	    1	0.005462	0.005512	-0.907112
	  448	 2048	    1	0.005479	0.005459	0.366367
	  464	 2048	    1	0.005455	0.005500	-0.818182
	  480	 2048	    1	0.005573	0.005463	2.013546
	  496	 2048	    1	0.005461	0.005464	-0.054905
	  512	 2048	    1	0.005491	0.005459	0.586188
	  768	 2048	    1	0.005512	0.005494	0.327630
	 1024	 2048	    1	0.005571	0.005558	0.233897
	 1536	 2048	    1	0.005624	0.005593	0.554264
	 2048	 2048	    1	0.005668	0.005656	0.212164
	 3072	 2048	    1	0.005833	0.005823	0.171733
	 4096	 2048	    1	0.005990	0.005959	0.520222
	 7168	 2048	    1	0.006842	0.006852	-0.145943
	 8192	 2048	    1	0.007151	0.008086	-11.563196
	11264	 2048	    1	0.017549	0.017494	0.314394
	12280	 2048	    1	0.018872	0.018838	0.180486
	15360	 2048	    1	0.022872	0.022771	0.443547
	16384	 2048	    1	0.024026	0.024142	-0.480490
	    1	 2048	   16	0.005850	0.005769	1.404056
	    2	 2048	   16	0.005840	0.005778	1.073036
	    4	 2048	   16	0.005836	0.005773	1.091287
	    8	 2048	   16	0.006999	0.006958	0.589250
	   16	 2048	   16	0.005830	0.005795	0.603969
	   24	 2048	   16	0.005960	0.005911	0.828963
	   32	 2048	   16	0.006110	0.006090	0.328407
	   40	 2048	   16	0.006184	0.006171	0.210663
	   48	 2048	   16	0.006305	0.006293	0.190688
	   56	 2048	   16	0.006426	0.006406	0.312207
	   64	 2048	   16	0.006545	0.006633	-1.326700
	   72	 2048	   16	0.007616	0.007609	0.091996
	   80	 2048	   16	0.007715	0.007629	1.127277
	   88	 2048	   16	0.007650	0.007634	0.209589
	   96	 2048	   16	0.007645	0.007598	0.618584
	  104	 2048	   16	0.007038	0.007001	0.528496
	  112	 2048	   16	0.007028	0.006988	0.572410
	  120	 2048	   16	0.007025	0.006994	0.443237
	  128	 2048	   16	0.007024	0.007015	0.128297
	  136	 2048	   16	0.006544	0.006511	0.506835
	  144	 2048	   16	0.006539	0.006513	0.399202
	  152	 2048	   16	0.006536	0.006506	0.461113
	  160	 2048	   16	0.006533	0.006503	0.461326
	  168	 2048	   16	0.006524	0.006508	0.245851
	  176	 2048	   16	0.006535	0.006504	0.476630
	  184	 2048	   16	0.006537	0.006506	0.476483
	  192	 2048	   16	0.006533	0.006497	0.554102
	  200	 2048	   16	0.006549	0.006511	0.583628
	  208	 2048	   16	0.006549	0.006509	0.614534
	  216	 2048	   16	0.006574	0.006509	0.998617
	  224	 2048	   16	0.006546	0.006502	0.676715
	  232	 2048	   16	0.006555	0.006505	0.768640
	  240	 2048	   16	0.006549	0.006518	0.475606
	  248	 2048	   16	0.006556	0.006519	0.567572
	  256	 2048	   16	0.006652	0.006533	1.821522
	  272	 2048	   16	0.006632	0.006517	1.764616
	  288	 2048	   16	0.006647	0.006520	1.947853
	  304	 2048	   16	0.006630	0.006519	1.702715
	  320	 2048	   16	0.006588	0.006550	0.580153
	  336	 2048	   16	0.007143	0.007109	0.478267
	  352	 2048	   16	0.007157	0.007140	0.238095
	  368	 2048	   16	0.006551	0.006511	0.614345
	  384	 2048	   16	0.006562	0.006533	0.443900
	  400	 2048	   16	0.007155	0.007122	0.463353
	  416	 2048	   16	0.007150	0.007100	0.704225
	  432	 2048	   16	0.007193	0.007141	0.728189
	  448	 2048	   16	0.007184	0.007178	0.083589
	  464	 2048	   16	0.007219	0.007207	0.166505
	  480	 2048	   16	0.007215	0.007182	0.459482
	  496	 2048	   16	0.007224	0.007173	0.711000
	  512	 2048	   16	0.007216	0.007170	0.641562
	  768	 2048	   16	0.006549	0.006530	0.290965
	 1024	 2048	   16	0.006559	0.006535	0.367253
	 1536	 2048	   16	0.006724	0.006665	0.885221
	 2048	 2048	   16	0.007165	0.007196	-0.430795
	 3072	 2048	   16	0.007798	0.007876	-0.990350
	 4096	 2048	   16	0.008279	0.008208	0.865010
	 7168	 2048	   16	0.010983	0.010964	0.173294
	 8192	 2048	   16	0.012412	0.012390	0.177563
	11264	 2048	   16	0.020277	0.020000	1.385000
	12280	 2048	   16	0.021905	0.021663	1.117112
	15360	 2048	   16	0.025782	0.025928	-0.563098
	16384	 2048	   16	0.027218	0.027032	0.688073
	    1	 2048	  512	0.007056	0.007082	-0.367128
	    2	 2048	  512	0.005856	0.005809	0.809089
	    4	 2048	  512	0.005875	0.005827	0.823752
	    8	 2048	  512	0.005859	0.005815	0.756664
	   16	 2048	  512	0.007030	0.007016	0.199544
	   24	 2048	  512	0.005842	0.005801	0.706775
	   32	 2048	  512	0.005831	0.005810	0.361446
	   40	 2048	  512	0.005850	0.005819	0.532738
	   48	 2048	  512	0.005858	0.005831	0.463042
	   56	 2048	  512	0.005869	0.005827	0.720783
	   64	 2048	  512	0.005859	0.005831	0.480192
	   72	 2048	  512	0.007120	0.007092	0.394811
	   80	 2048	  512	0.007126	0.007077	0.692384
	   88	 2048	  512	0.007114	0.007103	0.154864
	   96	 2048	  512	0.007094	0.007080	0.197740
	  104	 2048	  512	0.007144	0.007113	0.435822
	  112	 2048	  512	0.007120	0.007107	0.182918
	  120	 2048	  512	0.007125	0.007168	-0.599888
	  128	 2048	  512	0.007123	0.007143	-0.279994
	  136	 2048	  512	0.006020	0.006030	-0.165837
	  144	 2048	  512	0.006039	0.005994	0.750751
	  152	 2048	  512	0.005969	0.005939	0.505136
	  160	 2048	  512	0.005932	0.005940	-0.134680
	  168	 2048	  512	0.007233	0.007218	0.207814
	  176	 2048	  512	0.007188	0.007152	0.503356
	  184	 2048	  512	0.007202	0.007150	0.727273
	  192	 2048	  512	0.007160	0.007126	0.477126
	  200	 2048	  512	0.006246	0.006093	2.511078
	  208	 2048	  512	0.006222	0.006218	0.064329
	  216	 2048	  512	0.006105	0.005982	2.056169
	  224	 2048	  512	0.006075	0.005948	2.135171
	  232	 2048	  512	0.006048	0.005908	2.369668
	  240	 2048	  512	0.007567	0.005908	28.080569
	  248	 2048	  512	0.007639	0.005903	29.408775
	  256	 2048	  512	0.005792	0.005906	-1.930240
	  272	 2048	  512	0.006395	0.006612	-3.281912
	  288	 2048	  512	0.006880	0.006369	8.023238
	  304	 2048	  512	0.006087	0.006152	-1.056567
	  320	 2048	  512	0.006226	0.006173	0.858578
	  336	 2048	  512	0.007136	0.007026	1.565613
	  352	 2048	  512	0.007073	0.006885	2.730574
	  368	 2048	  512	0.006730	0.006578	2.310733
	  384	 2048	  512	0.006600	0.006428	2.675793
	  400	 2048	  512	0.007332	0.007400	-0.918919
	  416	 2048	  512	0.007257	0.007006	3.582643
	  432	 2048	  512	0.006646	0.006646	0.000000
	  448	 2048	  512	0.006576	0.006571	0.076092
	  464	 2048	  512	0.007897	0.007776	1.556070
	  480	 2048	  512	0.007449	0.007524	-0.996810
	  496	 2048	  512	0.007116	0.007201	-1.180392
	  512	 2048	  512	0.008260	0.007031	17.479733
	  768	 2048	  512	0.009535	0.009283	2.714640
	 1024	 2048	  512	0.007957	0.008422	-5.521254
	 1536	 2048	  512	0.012435	0.011139	11.634797
	 2048	 2048	  512	0.012755	0.011297	12.906081
	 3072	 2048	  512	0.014685	0.013689	7.275915
	 4096	 2048	  512	0.016721	0.016683	0.227777
	 7168	 2048	  512	0.029485	0.026499	11.268350
	 8192	 2048	  512	0.027502	0.028412	-3.202872
	11264	 2048	  512	0.043027	0.042093	2.218896
	12280	 2048	  512	0.050284	0.043143	16.551932
	15360	 2048	  512	0.058107	0.057166	1.646083
	16384	 2048	  512	0.062886	0.060293	4.300665
	    1	 2048	 2560	0.007559	0.007759	-2.577652
	    2	 2048	 2560	0.007811	0.007715	1.244329
	    4	 2048	 2560	0.008403	0.007805	7.661755
	    8	 2048	 2560	0.007263	0.007262	0.013770
	   16	 2048	 2560	0.007586	0.007629	-0.563639
	   24	 2048	 2560	0.007223	0.007113	1.546464
	   32	 2048	 2560	0.007166	0.007112	0.759280
	   40	 2048	 2560	0.007239	0.007202	0.513746
	   48	 2048	 2560	0.006463	0.006360	1.619497
	   56	 2048	 2560	0.005824	0.005997	-2.884776
	   64	 2048	 2560	0.005987	0.005991	-0.066767
	   72	 2048	 2560	0.010441	0.010484	-0.410149
	   80	 2048	 2560	0.009667	0.009539	1.341860
	   88	 2048	 2560	0.008919	0.008928	-0.100806
	   96	 2048	 2560	0.008891	0.008904	-0.146002
	  104	 2048	 2560	0.010263	0.010410	-1.412104
	  112	 2048	 2560	0.009830	0.009636	2.013284
	  120	 2048	 2560	0.008813	0.008871	-0.653816
	  128	 2048	 2560	0.008584	0.008486	1.154843
	  136	 2048	 2560	0.008982	0.008845	1.548898
	  144	 2048	 2560	0.008385	0.008490	-1.236749
	  152	 2048	 2560	0.008237	0.008250	-0.157576
	  160	 2048	 2560	0.008029	0.008088	-0.729476
	  168	 2048	 2560	0.007891	0.007868	0.292323
	  176	 2048	 2560	0.007725	0.007743	-0.232468
	  184	 2048	 2560	0.007839	0.007817	0.281438
	  192	 2048	 2560	0.007555	0.007595	-0.526662
	  200	 2048	 2560	0.011472	0.011429	0.376236
	  208	 2048	 2560	0.011016	0.011413	-3.478489
	  216	 2048	 2560	0.010998	0.010841	1.448206
	  224	 2048	 2560	0.010831	0.011092	-2.353047
	  232	 2048	 2560	0.010462	0.010418	0.422346
	  240	 2048	 2560	0.010190	0.010123	0.661859
	  248	 2048	 2560	0.009906	0.009925	-0.191436
	  256	 2048	 2560	0.009709	0.009930	-2.225579
	  272	 2048	 2560	0.012408	0.012458	-0.401349
	  288	 2048	 2560	0.011615	0.011791	-1.492664
	  304	 2048	 2560	0.010364	0.010487	-1.172881
	  320	 2048	 2560	0.010117	0.010050	0.666667
	  336	 2048	 2560	0.013549	0.013619	-0.513988
	  352	 2048	 2560	0.012674	0.012802	-0.999844
	  368	 2048	 2560	0.011104	0.011179	-0.670901
	  384	 2048	 2560	0.010561	0.010655	-0.882215
	  400	 2048	 2560	0.014390	0.014561	-1.174370
	  416	 2048	 2560	0.014107	0.014768	-4.475894
	  432	 2048	 2560	0.013426	0.013917	-3.528059
	  448	 2048	 2560	0.013816	0.013764	0.377797
	  464	 2048	 2560	0.014983	0.014416	3.933130
	  480	 2048	 2560	0.014364	0.014610	-1.683778
	  496	 2048	 2560	0.013496	0.013954	-3.282213
	  512	 2048	 2560	0.018510	0.013840	33.742775
	  768	 2048	 2560	0.018991	0.013870	36.921413
	 1024	 2048	 2560	0.023433	0.020519	14.201472
	 1536	 2048	 2560	0.024490	0.024688	-0.802009
	 2048	 2048	 2560	0.036349	0.037090	-1.997843
	 3072	 2048	 2560	0.053274	0.053183	0.171107
	 4096	 2048	 2560	0.077096	0.076217	1.153286
	 7168	 2048	 2560	0.124726	0.124212	0.413809
	 8192	 2048	 2560	0.150947	0.149529	0.948311
	11264	 2048	 2560	0.199768	0.202212	-1.208633
	12280	 2048	 2560	0.217949	0.228247	-4.511779
	15360	 2048	 2560	0.325649	0.295604	10.163936
	16384	 2048	 2560	0.299508	0.290647	3.048715
	    1	 2048	 3072	0.008519	0.008659	-1.616815
	    2	 2048	 3072	0.008970	0.008971	-0.011147
	    4	 2048	 3072	0.008916	0.009055	-1.535064
	    8	 2048	 3072	0.007860	0.007776	1.080247
	   16	 2048	 3072	0.007768	0.007738	0.387697
	   24	 2048	 3072	0.007243	0.007208	0.485572
	   32	 2048	 3072	0.007164	0.007154	0.139782
	   40	 2048	 3072	0.010378	0.010298	0.776850
	   48	 2048	 3072	0.009229	0.009189	0.435303
	   56	 2048	 3072	0.008839	0.008856	-0.191960
	   64	 2048	 3072	0.008688	0.008671	0.196056
	   72	 2048	 3072	0.009012	0.009177	-1.797973
	   80	 2048	 3072	0.008923	0.008776	1.675023
	   88	 2048	 3072	0.008394	0.008386	0.095397
	   96	 2048	 3072	0.008357	0.008286	0.856867
	  104	 2048	 3072	0.011467	0.011514	-0.408199
	  112	 2048	 3072	0.010115	0.009920	1.965726
	  120	 2048	 3072	0.009012	0.008893	1.338131
	  128	 2048	 3072	0.008635	0.008550	0.994152
	  136	 2048	 3072	0.011651	0.011525	1.093275
	  144	 2048	 3072	0.011153	0.011076	0.695197
	  152	 2048	 3072	0.010888	0.010947	-0.538960
	  160	 2048	 3072	0.010853	0.010694	1.486815
	  168	 2048	 3072	0.010664	0.010524	1.330293
	  176	 2048	 3072	0.010396	0.010180	2.121807
	  184	 2048	 3072	0.010155	0.009973	1.824927
	  192	 2048	 3072	0.009963	0.010092	-1.278240
	  200	 2048	 3072	0.012479	0.012522	-0.343396
	  208	 2048	 3072	0.011890	0.012051	-1.335989
	  216	 2048	 3072	0.011600	0.011427	1.513958
	  224	 2048	 3072	0.011349	0.011198	1.348455
	  232	 2048	 3072	0.010641	0.010624	0.160015
	  240	 2048	 3072	0.010064	0.010027	0.369004
	  248	 2048	 3072	0.009846	0.009715	1.348430
	  256	 2048	 3072	0.009770	0.009823	-0.539550
	  272	 2048	 3072	0.014243	0.014156	0.614580
	  288	 2048	 3072	0.012812	0.013135	-2.459079
	  304	 2048	 3072	0.011044	0.010891	1.404830
	  320	 2048	 3072	0.010757	0.010439	3.046269
	  336	 2048	 3072	0.014927	0.014240	4.824438
	  352	 2048	 3072	0.014088	0.014110	-0.155918
	  368	 2048	 3072	0.013923	0.014316	-2.745180
	  384	 2048	 3072	0.013871	0.013488	2.839561
	  400	 2048	 3072	0.015196	0.015725	-3.364070
	  416	 2048	 3072	0.014603	0.014787	-1.244336
	  432	 2048	 3072	0.013887	0.013634	1.855655
	  448	 2048	 3072	0.013964	0.013510	3.360474
	  464	 2048	 3072	0.014405	0.014525	-0.826162
	  480	 2048	 3072	0.013719	0.014146	-3.018521
	  496	 2048	 3072	0.013620	0.013633	-0.095357
	  512	 2048	 3072	0.013261	0.013479	-1.617331
	  768	 2048	 3072	0.018941	0.019008	-0.352483
	 1024	 2048	 3072	0.021460	0.021471	-0.051232
	 1536	 2048	 3072	0.035679	0.035625	0.151579
	 2048	 2048	 3072	0.039927	0.040185	-0.642031
	 3072	 2048	 3072	0.074455	0.073800	0.887534
	 4096	 2048	 3072	0.090839	0.089945	0.993941
	 7168	 2048	 3072	0.160884	0.160382	0.313003
	 8192	 2048	 3072	0.171793	0.172893	-0.636232
	11264	 2048	 3072	0.242311	0.246751	-1.799385
	12280	 2048	 3072	0.251809	0.269024	-6.399057
	15360	 2048	 3072	0.320285	0.322064	-0.552375
	16384	 2048	 3072	0.351316	0.343565	2.256051
	    1	 2048	37984	0.055387	0.055133	0.460704
	    2	 2048	37984	0.053898	0.056435	-4.495437
	    4	 2048	37984	0.055371	0.055329	0.075910
	    8	 2048	37984	0.054442	0.054514	-0.132076
	   16	 2048	37984	0.054201	0.054016	0.342491
	   24	 2048	37984	0.054292	0.054192	0.184529
	   32	 2048	37984	0.054419	0.054294	0.230228
	   40	 2048	37984	0.055048	0.055034	0.025439
	   48	 2048	37984	0.055434	0.055497	-0.113520
	   56	 2048	37984	0.055641	0.055603	0.068342
	   64	 2048	37984	0.055786	0.056203	-0.741953
	   72	 2048	37984	0.064325	0.064183	0.221242
	   80	 2048	37984	0.059338	0.058715	1.061058
	   88	 2048	37984	0.058466	0.058279	0.320870
	   96	 2048	37984	0.059636	0.058681	1.627443
	  104	 2048	37984	0.059088	0.059069	0.032166
	  112	 2048	37984	0.059498	0.059616	-0.197933
	  120	 2048	37984	0.059887	0.059795	0.153859
	  128	 2048	37984	0.060087	0.060196	-0.181075
	  136	 2048	37984	0.104897	0.104651	0.235067
	  144	 2048	37984	0.101321	0.101055	0.263223
	  152	 2048	37984	0.096951	0.096152	0.830976
	  160	 2048	37984	0.094471	0.096386	-1.986803
	  168	 2048	37984	0.084304	0.083536	0.919364
	  176	 2048	37984	0.081744	0.081892	-0.180726
	  184	 2048	37984	0.081874	0.082555	-0.824905
	  192	 2048	37984	0.081586	0.082114	-0.643009
	  200	 2048	37984	0.094465	0.094462	0.003176
	  208	 2048	37984	0.093935	0.093355	0.621284
	  216	 2048	37984	0.091890	0.092165	-0.298378
	  224	 2048	37984	0.091266	0.091297	-0.033955
	  232	 2048	37984	0.089169	0.088166	1.137627
	  240	 2048	37984	0.089899	0.089831	0.075698
	  248	 2048	37984	0.090682	0.089789	0.994554
	  256	 2048	37984	0.090675	0.090841	-0.182737
	  272	 2048	37984	0.141162	0.141754	-0.417625
	  288	 2048	37984	0.135848	0.134884	0.714688
	  304	 2048	37984	0.125047	0.127433	-1.872356
	  320	 2048	37984	0.124309	0.127896	-2.804623
	  336	 2048	37984	0.132187	0.127230	3.896094
	  352	 2048	37984	0.132024	0.124242	6.263582
	  368	 2048	37984	0.121643	0.119557	1.744774
	  384	 2048	37984	0.119539	0.119497	0.035147
	  400	 2048	37984	0.164713	0.165250	-0.324962
	  416	 2048	37984	0.162144	0.163712	-0.957780
	  432	 2048	37984	0.161677	0.161074	0.374362
	  448	 2048	37984	0.158118	0.158725	-0.382422
	  464	 2048	37984	0.153531	0.154008	-0.309724
	  480	 2048	37984	0.146405	0.154043	-4.958356
	  496	 2048	37984	0.143196	0.150149	-4.630733
	  512	 2048	37984	0.144601	0.150284	-3.781507
	  768	 2048	37984	0.213349	0.216963	-1.665722
	 1024	 2048	37984	0.271019	0.269933	0.402322
	 1536	 2048	37984	0.457847	0.404471	13.196496
	 2048	 2048	37984	0.549253	0.523431	4.933219
	 3072	 2048	37984	0.801190	0.821468	-2.468508
	 4096	 2048	37984	1.066976	1.234382	-13.561928
	 7168	 2048	37984	1.869328	1.855400	0.750674
	 8192	 2048	37984	2.306151	2.072755	11.260183
	11264	 2048	37984	2.978027	2.852464	4.401914
	12280	 2048	37984	3.065378	3.098995	-1.084771
	15360	 2048	37984	3.834810	3.852735	-0.465254
	16384	 2048	37984	4.124480	4.185271	-1.452499
	  384	  384	  384	0.003182	0.003143	1.240853
	 1024	 1024	 1024	0.006728	0.006737	-0.133591
	 2048	 2048	 2048	0.025322	0.025106	0.860352
	 4096	 4096	 4096	0.222504	0.224212	-0.761779
