#       M	    K	    N	  origin   optimized   speedup(%)
	    1	    4	 2048	0.002759	0.002753	0.217944
	    2	    4	 2048	0.003012	0.002966	1.550910
	    4	    4	 2048	0.003000	0.002920	2.739726
	    8	    4	 2048	0.003098	0.003017	2.684786
	   16	    4	 2048	0.003165	0.003031	4.420983
	   24	    4	 2048	0.003061	0.002982	2.649229
	   32	    4	 2048	0.003014	0.002948	2.238806
	   40	    4	 2048	0.003059	0.002988	2.376171
	   48	    4	 2048	0.003043	0.002967	2.561510
	   56	    4	 2048	0.003172	0.003014	5.242203
	   64	    4	 2048	0.003180	0.003092	2.846054
	   72	    4	 2048	0.003221	0.003116	3.369705
	   80	    4	 2048	0.003302	0.003167	4.262709
	   88	    4	 2048	0.003294	0.003189	3.292568
	   96	    4	 2048	0.003298	0.003177	3.808624
	  104	    4	 2048	0.003231	0.003118	3.624118
	  112	    4	 2048	0.003244	0.003197	1.470128
	  120	    4	 2048	0.003220	0.003187	1.035457
	  128	    4	 2048	0.003260	0.003190	2.194357
	  136	    4	 2048	0.003601	0.003467	3.865013
	  144	    4	 2048	0.003282	0.003141	4.489016
	  152	    4	 2048	0.003263	0.003130	4.249201
	  160	    4	 2048	0.003276	0.003146	4.132231
	  168	    4	 2048	0.003279	0.003164	3.634640
	  176	    4	 2048	0.003333	0.003165	5.308057
	  184	    4	 2048	0.003328	0.003202	3.935041
	  192	    4	 2048	0.003313	0.003138	5.576801
	  200	    4	 2048	0.003368	0.003251	3.598893
	  208	    4	 2048	0.003264	0.003157	3.389294
	  216	    4	 2048	0.003281	0.003171	3.468937
	  224	    4	 2048	0.003273	0.003162	3.510436
	  232	    4	 2048	0.003263	0.003191	2.256346
	  240	    4	 2048	0.003275	0.003158	3.704877
	  248	    4	 2048	0.003314	0.003164	4.740834
	  256	    4	 2048	0.003325	0.003155	5.388273
	  272	    4	 2048	0.003928	0.003762	4.412547
	  288	    4	 2048	0.003819	0.003661	4.315761
	  304	    4	 2048	0.004000	0.003757	6.467927
	  320	    4	 2048	0.003795	0.003765	0.796813
	  336	    4	 2048	0.003779	0.003686	2.523060
	  352	    4	 2048	0.003785	0.003675	2.993197
	  368	    4	 2048	0.003783	0.003685	2.659430
	  384	    4	 2048	0.003795	0.003675	3.265306
	  400	    4	 2048	0.003839	0.003695	3.897158
	  416	    4	 2048	0.003848	0.003693	4.197130
	  432	    4	 2048	0.003911	0.003777	3.547789
	  448	    4	 2048	0.003995	0.003782	5.631941
	  464	    4	 2048	0.003931	0.003797	3.529102
	  480	    4	 2048	0.003837	0.003713	3.339618
	  496	    4	 2048	0.003965	0.003801	4.314654
	  512	    4	 2048	0.003873	0.003727	3.917360
	  768	    4	 2048	0.004279	0.004139	3.382460
	 1024	    4	 2048	0.005580	0.005535	0.813008
	 1536	    4	 2048	0.006895	0.006928	-0.476328
	 2048	    4	 2048	0.007228	0.007082	2.061565
	 3072	    4	 2048	0.012083	0.012055	0.232269
	 4096	    4	 2048	0.012932	0.012751	1.419497
	 7168	    4	 2048	0.023803	0.023523	1.190324
	 8192	    4	 2048	0.024084	0.024003	0.337458
	11264	    4	 2048	0.033927	0.033478	1.341179
	12288	    4	 2048	0.035047	0.034472	1.668020
	15360	    4	 2048	0.044258	0.044293	-0.079019
	16384	    4	 2048	0.045272	0.044869	0.898170
	    1	  128	 2048	0.003030	0.002841	6.652587
	    2	  128	 2048	0.002842	0.002704	5.103550
	    4	  128	 2048	0.003162	0.003008	5.119681
	    8	  128	 2048	0.002665	0.002513	6.048548
	   16	  128	 2048	0.002671	0.002548	4.827316
	   24	  128	 2048	0.003156	0.002930	7.713311
	   32	  128	 2048	0.003260	0.002964	9.986505
	   40	  128	 2048	0.002846	0.002656	7.153614
	   48	  128	 2048	0.002829	0.002639	7.199697
	   56	  128	 2048	0.002800	0.002579	8.569213
	   64	  128	 2048	0.002734	0.002559	6.838609
	   72	  128	 2048	0.002996	0.002847	5.233579
	   80	  128	 2048	0.002959	0.002829	4.595263
	   88	  128	 2048	0.003028	0.002739	10.551296
	   96	  128	 2048	0.002979	0.002733	9.001098
	  104	  128	 2048	0.003156	0.002989	5.587153
	  112	  128	 2048	0.002976	0.002904	2.479339
	  120	  128	 2048	0.002981	0.002843	4.854027
	  128	  128	 2048	0.002902	0.002859	1.504022
	  136	  128	 2048	0.003218	0.002969	8.386662
	  144	  128	 2048	0.003113	0.002960	5.168919
	  152	  128	 2048	0.003153	0.002954	6.736628
	  160	  128	 2048	0.003172	0.002960	7.162162
	  168	  128	 2048	0.003099	0.002887	7.343263
	  176	  128	 2048	0.002967	0.002824	5.063739
	  184	  128	 2048	0.002998	0.002807	6.804418
	  192	  128	 2048	0.002964	0.002766	7.158351
	  200	  128	 2048	0.003270	0.003024	8.134921
	  208	  128	 2048	0.003265	0.003027	7.862570
	  216	  128	 2048	0.003176	0.003029	4.853087
	  224	  128	 2048	0.003197	0.003025	5.685950
	  232	  128	 2048	0.003130	0.002987	4.787412
	  240	  128	 2048	0.003111	0.002946	5.600815
	  248	  128	 2048	0.003093	0.002882	7.321305
	  256	  128	 2048	0.003023	0.002869	5.367724
	  272	  128	 2048	0.003242	0.003129	3.611377
	  288	  128	 2048	0.003234	0.003047	6.137184
	  304	  128	 2048	0.003314	0.003095	7.075929
	  320	  128	 2048	0.003126	0.003095	1.001616
	  336	  128	 2048	0.003206	0.003171	1.103753
	  352	  128	 2048	0.003192	0.003130	1.980831
	  368	  128	 2048	0.003367	0.003250	3.600000
	  384	  128	 2048	0.003312	0.003223	2.761402
	  400	  128	 2048	0.003660	0.003488	4.931193
	  416	  128	 2048	0.003635	0.003468	4.815456
	  432	  128	 2048	0.003403	0.003146	8.169104
	  448	  128	 2048	0.003268	0.003122	4.676489
	  464	  128	 2048	0.003427	0.003280	4.481707
	  480	  128	 2048	0.003284	0.003240	1.358025
	  496	  128	 2048	0.003297	0.003191	3.321843
	  512	  128	 2048	0.003294	0.003106	6.052801
	  768	  128	 2048	0.003745	0.003587	4.404795
	 1024	  128	 2048	0.004188	0.003931	6.537777
	 1536	  128	 2048	0.004890	0.004725	3.492063
	 2048	  128	 2048	0.005808	0.005594	3.825527
	 3072	  128	 2048	0.007573	0.007290	3.882030
	 4096	  128	 2048	0.009921	0.009723	2.036409
	 7168	  128	 2048	0.016344	0.015922	2.650421
	 8192	  128	 2048	0.018457	0.018234	1.222990
	11264	  128	 2048	0.024780	0.024472	1.258581
	12280	  128	 2048	0.026389	0.026005	1.476639
	15360	  128	 2048	0.032688	0.031973	2.236262
	16384	  128	 2048	0.034222	0.033551	1.999940
	    1	 1024	 2048	0.004980	0.004804	3.663614
	    2	 1024	 2048	0.005364	0.005097	5.238376
	    4	 1024	 2048	0.005346	0.005135	4.109056
	    8	 1024	 2048	0.005078	0.004803	5.725588
	   16	 1024	 2048	0.005036	0.004780	5.355649
	   24	 1024	 2048	0.004880	0.004695	3.940362
	   32	 1024	 2048	0.004870	0.004502	8.174145
	   40	 1024	 2048	0.004445	0.004312	3.084416
	   48	 1024	 2048	0.004380	0.004207	4.112194
	   56	 1024	 2048	0.004324	0.004156	4.042348
	   64	 1024	 2048	0.004334	0.004159	4.207742
	   72	 1024	 2048	0.005907	0.005785	2.108902
	   80	 1024	 2048	0.005647	0.005576	1.273314
	   88	 1024	 2048	0.005502	0.005384	2.191679
	   96	 1024	 2048	0.005356	0.005245	2.116301
	  104	 1024	 2048	0.005382	0.005349	0.616938
	  112	 1024	 2048	0.005337	0.005296	0.774169
	  120	 1024	 2048	0.005321	0.005291	0.567001
	  128	 1024	 2048	0.005278	0.005243	0.667557
	  136	 1024	 2048	0.005380	0.005359	0.391864
	  144	 1024	 2048	0.005269	0.005188	1.561295
	  152	 1024	 2048	0.005390	0.005233	3.000191
	  160	 1024	 2048	0.005223	0.005380	-2.918216
	  168	 1024	 2048	0.005203	0.005296	-1.756042
	  176	 1024	 2048	0.005075	0.005128	-1.033541
	  184	 1024	 2048	0.005084	0.005049	0.693207
	  192	 1024	 2048	0.005167	0.004912	5.191368
	  200	 1024	 2048	0.005461	0.005468	-0.128018
	  208	 1024	 2048	0.005400	0.005423	-0.424119
	  216	 1024	 2048	0.005357	0.005392	-0.649110
	  224	 1024	 2048	0.005376	0.005359	0.317223
	  232	 1024	 2048	0.005263	0.005234	0.554070
	  240	 1024	 2048	0.005181	0.005156	0.484872
	  248	 1024	 2048	0.005091	0.005084	0.137687
	  256	 1024	 2048	0.005081	0.005077	0.078787
	  272	 1024	 2048	0.006956	0.007063	-1.514937
	  288	 1024	 2048	0.006635	0.006650	-0.225564
	  304	 1024	 2048	0.006447	0.006375	1.129412
	  320	 1024	 2048	0.006367	0.006284	1.320815
	  336	 1024	 2048	0.007043	0.006971	1.032850
	  352	 1024	 2048	0.006833	0.006819	0.205309
	  368	 1024	 2048	0.006499	0.006468	0.479283
	  384	 1024	 2048	0.006330	0.006274	0.892573
	  400	 1024	 2048	0.007332	0.007355	-0.312712
	  416	 1024	 2048	0.007130	0.007176	-0.641026
	  432	 1024	 2048	0.006653	0.006635	0.271289
	  448	 1024	 2048	0.006640	0.006504	2.091021
	  464	 1024	 2048	0.007239	0.007231	0.110635
	  480	 1024	 2048	0.006974	0.006995	-0.300214
	  496	 1024	 2048	0.006685	0.006610	1.134644
	  512	 1024	 2048	0.006566	0.006498	1.046476
	  768	 1024	 2048	0.008108	0.008083	0.309291
	 1024	 1024	 2048	0.008562	0.008522	0.469373
	 1536	 1024	 2048	0.012310	0.012285	0.203500
	 2048	 1024	 2048	0.014048	0.014056	-0.056915
	 3072	 1024	 2048	0.022270	0.021283	4.637504
	 4096	 1024	 2048	0.029449	0.029707	-0.868482
	 7168	 1024	 2048	0.054677	0.055028	-0.637857
	 8192	 1024	 2048	0.058459	0.058827	-0.625563
	11264	 1024	 2048	0.083581	0.081940	2.002685
	12280	 1024	 2048	0.087901	0.086466	1.659612
	15360	 1024	 2048	0.109702	0.108183	1.404102
	16384	 1024	 2048	0.118757	0.119608	-0.711491
	    1	 2048	    1	0.004913	0.004941	-0.566687
	    2	 2048	    1	0.004830	0.004824	0.124378
	    4	 2048	    1	0.004761	0.004784	-0.480769
	    8	 2048	    1	0.004845	0.004853	-0.164846
	   16	 2048	    1	0.004941	0.004997	-1.120672
	   24	 2048	    1	0.005091	0.005152	-1.184006
	   32	 2048	    1	0.005200	0.005176	0.463679
	   40	 2048	    1	0.005191	0.005234	-0.821551
	   48	 2048	    1	0.005148	0.005153	-0.097031
	   56	 2048	    1	0.005221	0.005246	-0.476554
	   64	 2048	    1	0.005251	0.005259	-0.152120
	   72	 2048	    1	0.005214	0.005256	-0.799087
	   80	 2048	    1	0.005238	0.005284	-0.870553
	   88	 2048	    1	0.005244	0.005287	-0.813316
	   96	 2048	    1	0.005251	0.005273	-0.417220
	  104	 2048	    1	0.005232	0.005284	-0.984103
	  112	 2048	    1	0.005258	0.005306	-0.904636
	  120	 2048	    1	0.005251	0.005249	0.038102
	  128	 2048	    1	0.005283	0.005272	0.208649
	  136	 2048	    1	0.005247	0.005276	-0.549659
	  144	 2048	    1	0.005270	0.005290	-0.378072
	  152	 2048	    1	0.005276	0.005307	-0.584134
	  160	 2048	    1	0.005289	0.005303	-0.264002
	  168	 2048	    1	0.005306	0.005326	-0.375516
	  176	 2048	    1	0.005332	0.005332	0.000000
	  184	 2048	    1	0.005317	0.005391	-1.372658
	  192	 2048	    1	0.005343	0.005357	-0.261340
	  200	 2048	    1	0.005344	0.005367	-0.428545
	  208	 2048	    1	0.005304	0.005326	-0.413068
	  216	 2048	    1	0.005411	0.005385	0.482823
	  224	 2048	    1	0.005368	0.005370	-0.037244
	  232	 2048	    1	0.005342	0.005390	-0.890538
	  240	 2048	    1	0.005360	0.005387	-0.501207
	  248	 2048	    1	0.005392	0.005412	-0.369549
	  256	 2048	    1	0.005377	0.005410	-0.609982
	  272	 2048	    1	0.005418	0.005440	-0.404412
	  288	 2048	    1	0.005444	0.005439	0.091929
	  304	 2048	    1	0.005436	0.005509	-1.325104
	  320	 2048	    1	0.005427	0.005452	-0.458547
	  336	 2048	    1	0.005436	0.005455	-0.348304
	  352	 2048	    1	0.005435	0.005442	-0.128629
	  368	 2048	    1	0.005423	0.005502	-1.435842
	  384	 2048	    1	0.005429	0.005449	-0.367040
	  400	 2048	    1	0.005484	0.005475	0.164384
	  416	 2048	    1	0.005439	0.005449	-0.183520
	  432	 2048	    1	0.005445	0.005441	0.073516
	  448	 2048	    1	0.005439	0.005455	-0.293309
	  464	 2048	    1	0.005425	0.005524	-1.792180
	  480	 2048	    1	0.005437	0.005456	-0.348240
	  496	 2048	    1	0.005438	0.005478	-0.730194
	  512	 2048	    1	0.005411	0.005454	-0.788412
	  768	 2048	    1	0.005479	0.005505	-0.472298
	 1024	 2048	    1	0.005517	0.005545	-0.504959
	 1536	 2048	    1	0.005563	0.005610	-0.837790
	 2048	 2048	    1	0.005616	0.005630	-0.248668
	 3072	 2048	    1	0.005800	0.005890	-1.528014
	 4096	 2048	    1	0.005948	0.005981	-0.551747
	 7168	 2048	    1	0.006805	0.006839	-0.497149
	 8192	 2048	    1	0.006934	0.008071	-14.087474
	11264	 2048	    1	0.017557	0.017390	0.960322
	12280	 2048	    1	0.018797	0.018863	-0.349891
	15360	 2048	    1	0.022789	0.022774	0.065865
	16384	 2048	    1	0.023995	0.024124	-0.534737
	    1	 2048	   16	0.005770	0.005811	-0.705558
	    2	 2048	   16	0.005775	0.005790	-0.259067
	    4	 2048	   16	0.005774	0.005790	-0.276339
	    8	 2048	   16	0.006978	0.006924	0.779896
	   16	 2048	   16	0.005795	0.005774	0.363699
	   24	 2048	   16	0.005923	0.005970	-0.787270
	   32	 2048	   16	0.006082	0.006128	-0.750653
	   40	 2048	   16	0.006167	0.006211	-0.708421
	   48	 2048	   16	0.006293	0.006268	0.398851
	   56	 2048	   16	0.006408	0.006387	0.328793
	   64	 2048	   16	0.006529	0.006509	0.307267
	   72	 2048	   16	0.007602	0.007550	0.688742
	   80	 2048	   16	0.007644	0.007631	0.170358
	   88	 2048	   16	0.007610	0.007598	0.157936
	   96	 2048	   16	0.007614	0.007578	0.475059
	  104	 2048	   16	0.007017	0.006995	0.314510
	  112	 2048	   16	0.007005	0.007008	-0.042808
	  120	 2048	   16	0.007002	0.007002	0.000000
	  128	 2048	   16	0.006998	0.007016	-0.256556
	  136	 2048	   16	0.006521	0.006497	0.369401
	  144	 2048	   16	0.006517	0.006497	0.307834
	  152	 2048	   16	0.006520	0.006492	0.431300
	  160	 2048	   16	0.006518	0.006489	0.446910
	  168	 2048	   16	0.006517	0.006489	0.431499
	  176	 2048	   16	0.006509	0.006487	0.339140
	  184	 2048	   16	0.006514	0.006495	0.292533
	  192	 2048	   16	0.006506	0.006486	0.308356
	  200	 2048	   16	0.006526	0.006508	0.276583
	  208	 2048	   16	0.006524	0.006501	0.353792
	  216	 2048	   16	0.006526	0.006508	0.276583
	  224	 2048	   16	0.006520	0.006505	0.230592
	  232	 2048	   16	0.006524	0.006511	0.199662
	  240	 2048	   16	0.006521	0.006504	0.261378
	  248	 2048	   16	0.006527	0.006507	0.307361
	  256	 2048	   16	0.006565	0.006521	0.674743
	  272	 2048	   16	0.006555	0.006499	0.861671
	  288	 2048	   16	0.006635	0.006483	2.344594
	  304	 2048	   16	0.006612	0.006506	1.629265
	  320	 2048	   16	0.006649	0.006542	1.635585
	  336	 2048	   16	0.007124	0.007079	0.635683
	  352	 2048	   16	0.007140	0.007124	0.224593
	  368	 2048	   16	0.006543	0.006508	0.537800
	  384	 2048	   16	0.006546	0.006515	0.475825
	  400	 2048	   16	0.007131	0.007090	0.578279
	  416	 2048	   16	0.007128	0.007129	-0.014027
	  432	 2048	   16	0.007167	0.007138	0.406276
	  448	 2048	   16	0.007137	0.007135	0.028031
	  464	 2048	   16	0.007186	0.007179	0.097507
	  480	 2048	   16	0.007185	0.007182	0.041771
	  496	 2048	   16	0.007188	0.007173	0.209118
	  512	 2048	   16	0.007183	0.007272	-1.223872
	  768	 2048	   16	0.006513	0.006549	-0.549702
	 1024	 2048	   16	0.006531	0.006531	0.000000
	 1536	 2048	   16	0.006750	0.006693	0.851636
	 2048	 2048	   16	0.007107	0.007190	-1.154381
	 3072	 2048	   16	0.007771	0.007775	-0.051447
	 4096	 2048	   16	0.008266	0.008268	-0.024190
	 7168	 2048	   16	0.010880	0.010910	-0.274977
	 8192	 2048	   16	0.012366	0.012564	-1.575931
	11264	 2048	   16	0.020066	0.019708	1.816521
	12280	 2048	   16	0.021899	0.021854	0.205912
	15360	 2048	   16	0.025742	0.025675	0.260954
	16384	 2048	   16	0.027158	0.027016	0.525614
	    1	 2048	  512	0.007024	0.007053	-0.411173
	    2	 2048	  512	0.005810	0.005832	-0.377229
	    4	 2048	  512	0.005835	0.005838	-0.051387
	    8	 2048	  512	0.005808	0.005809	-0.017215
	   16	 2048	  512	0.007013	0.007008	0.071347
	   24	 2048	  512	0.005840	0.005775	1.125541
	   32	 2048	  512	0.005817	0.005809	0.137717
	   40	 2048	  512	0.005820	0.005813	0.120420
	   48	 2048	  512	0.005821	0.005813	0.137623
	   56	 2048	  512	0.005840	0.005829	0.188712
	   64	 2048	  512	0.005826	0.005830	-0.068611
	   72	 2048	  512	0.007095	0.007123	-0.393093
	   80	 2048	  512	0.007087	0.007157	-0.978063
	   88	 2048	  512	0.007079	0.007144	-0.909854
	   96	 2048	  512	0.007058	0.007155	-1.355695
	  104	 2048	  512	0.007118	0.007113	0.070294
	  112	 2048	  512	0.007102	0.007069	0.466827
	  120	 2048	  512	0.007085	0.007079	0.084758
	  128	 2048	  512	0.007086	0.007087	-0.014110
	  136	 2048	  512	0.005993	0.005990	0.050083
	  144	 2048	  512	0.006020	0.005941	1.329742
	  152	 2048	  512	0.005967	0.005898	1.169888
	  160	 2048	  512	0.005903	0.005929	-0.438523
	  168	 2048	  512	0.007199	0.007194	0.069502
	  176	 2048	  512	0.007164	0.007146	0.251889
	  184	 2048	  512	0.007137	0.007126	0.154364
	  192	 2048	  512	0.007144	0.007122	0.308902
	  200	 2048	  512	0.006202	0.006197	0.080684
	  208	 2048	  512	0.006040	0.006047	-0.115760
	  216	 2048	  512	0.006000	0.006010	-0.166389
	  224	 2048	  512	0.005973	0.005982	-0.150451
	  232	 2048	  512	0.005939	0.005915	0.405748
	  240	 2048	  512	0.005981	0.005889	1.562235
	  248	 2048	  512	0.005974	0.005876	1.667801
	  256	 2048	  512	0.005982	0.005895	1.475827
	  272	 2048	  512	0.006476	0.006457	0.294254
	  288	 2048	  512	0.006439	0.006251	3.007519
	  304	 2048	  512	0.006336	0.006169	2.707084
	  320	 2048	  512	0.006098	0.006061	0.610460
	  336	 2048	  512	0.007160	0.007119	0.575924
	  352	 2048	  512	0.006813	0.006857	-0.641680
	  368	 2048	  512	0.006681	0.006643	0.572031
	  384	 2048	  512	0.006491	0.006394	1.517047
	  400	 2048	  512	0.007327	0.007195	1.834607
	  416	 2048	  512	0.007014	0.007039	-0.355164
	  432	 2048	  512	0.006616	0.006612	0.060496
	  448	 2048	  512	0.006544	0.006565	-0.319878
	  464	 2048	  512	0.007764	0.007583	2.386918
	  480	 2048	  512	0.007500	0.007494	0.080064
	  496	 2048	  512	0.007132	0.006901	3.347341
	  512	 2048	  512	0.007051	0.007025	0.370107
	  768	 2048	  512	0.009269	0.009615	-3.598544
	 1024	 2048	  512	0.007691	0.007672	0.247654
	 1536	 2048	  512	0.010556	0.011130	-5.157233
	 2048	 2048	  512	0.013091	0.011133	17.587353
	 3072	 2048	  512	0.013129	0.013142	-0.098919
	 4096	 2048	  512	0.016711	0.014155	18.057224
	 7168	 2048	  512	0.026443	0.026774	-1.236274
	 8192	 2048	  512	0.028667	0.028648	0.066322
	11264	 2048	  512	0.042540	0.042248	0.691157
	12280	 2048	  512	0.045305	0.046760	-3.111634
	15360	 2048	  512	0.054476	0.056354	-3.332505
	16384	 2048	  512	0.058593	0.059587	-1.668149
	    1	 2048	 2560	0.007634	0.007473	2.154423
	    2	 2048	 2560	0.007882	0.007604	3.655971
	    4	 2048	 2560	0.007771	0.007840	-0.880102
	    8	 2048	 2560	0.007326	0.007042	4.032945
	   16	 2048	 2560	0.007691	0.007531	2.124552
	   24	 2048	 2560	0.007189	0.006911	4.022573
	   32	 2048	 2560	0.007115	0.006935	2.595530
	   40	 2048	 2560	0.007254	0.007243	0.151871
	   48	 2048	 2560	0.006473	0.006214	4.168008
	   56	 2048	 2560	0.005942	0.005867	1.278336
	   64	 2048	 2560	0.005970	0.005651	5.645019
	   72	 2048	 2560	0.010562	0.010150	4.059113
	   80	 2048	 2560	0.009457	0.009157	3.276182
	   88	 2048	 2560	0.008854	0.008629	2.607486
	   96	 2048	 2560	0.008869	0.008667	2.330680
	  104	 2048	 2560	0.010322	0.010195	1.245709
	  112	 2048	 2560	0.009811	0.009610	2.091571
	  120	 2048	 2560	0.008746	0.009222	-5.161570
	  128	 2048	 2560	0.008509	0.008332	2.124340
	  136	 2048	 2560	0.008849	0.009837	-10.043713
	  144	 2048	 2560	0.008400	0.008162	2.915952
	  152	 2048	 2560	0.008208	0.008062	1.810965
	  160	 2048	 2560	0.007944	0.008788	-9.604005
	  168	 2048	 2560	0.007823	0.007640	2.395288
	  176	 2048	 2560	0.007647	0.008148	-6.148748
	  184	 2048	 2560	0.007551	0.007385	2.247800
	  192	 2048	 2560	0.007493	0.007330	2.223738
	  200	 2048	 2560	0.011516	0.011150	3.282511
	  208	 2048	 2560	0.011375	0.011087	2.597637
	  216	 2048	 2560	0.010867	0.010753	1.060169
	  224	 2048	 2560	0.010730	0.010786	-0.519192
	  232	 2048	 2560	0.010334	0.010413	-0.758667
	  240	 2048	 2560	0.010338	0.010262	0.740596
	  248	 2048	 2560	0.009853	0.010038	-1.842997
	  256	 2048	 2560	0.009767	0.010020	-2.524950
	  272	 2048	 2560	0.012462	0.012280	1.482085
	  288	 2048	 2560	0.011536	0.011772	-2.004757
	  304	 2048	 2560	0.010354	0.010492	-1.315288
	  320	 2048	 2560	0.009990	0.010125	-1.333333
	  336	 2048	 2560	0.013549	0.013602	-0.389649
	  352	 2048	 2560	0.012778	0.012365	3.340073
	  368	 2048	 2560	0.011032	0.021319	-48.252732
	  384	 2048	 2560	0.010550	0.011109	-5.031956
	  400	 2048	 2560	0.014390	0.014311	0.552023
	  416	 2048	 2560	0.014344	0.014378	-0.236472
	  432	 2048	 2560	0.013600	0.013771	-1.241740
	  448	 2048	 2560	0.013843	0.013572	1.996758
	  464	 2048	 2560	0.014958	0.014334	4.353286
	  480	 2048	 2560	0.014704	0.013940	5.480631
	  496	 2048	 2560	0.014009	0.014598	-4.034799
	  512	 2048	 2560	0.013765	0.014414	-4.502567
	  768	 2048	 2560	0.014137	0.014171	-0.239927
	 1024	 2048	 2560	0.019698	0.019586	0.571837
	 1536	 2048	 2560	0.024372	0.025198	-3.278038
	 2048	 2048	 2560	0.035714	0.036877	-3.153727
	 3072	 2048	 2560	0.054540	0.054407	0.244454
	 4096	 2048	 2560	0.077199	0.076032	1.534880
	 7168	 2048	 2560	0.123756	0.124511	-0.606372
	 8192	 2048	 2560	0.152104	0.151511	0.391391
	11264	 2048	 2560	0.203764	0.198032	2.894482
	12280	 2048	 2560	0.212229	0.208291	1.890624
	15360	 2048	 2560	0.286941	0.285452	0.521629
	16384	 2048	 2560	0.306823	0.289459	5.998777
	    1	 2048	 3072	0.008550	0.008542	0.093655
	    2	 2048	 3072	0.008979	0.008921	0.650151
	    4	 2048	 3072	0.009079	0.009108	-0.318401
	    8	 2048	 3072	0.007818	0.007766	0.669585
	   16	 2048	 3072	0.007802	0.007717	1.101464
	   24	 2048	 3072	0.007166	0.007162	0.055850
	   32	 2048	 3072	0.007167	0.007122	0.631845
	   40	 2048	 3072	0.010338	0.010188	1.472320
	   48	 2048	 3072	0.009075	0.009139	-0.700295
	   56	 2048	 3072	0.008848	0.008747	1.154682
	   64	 2048	 3072	0.008722	0.008656	0.762477
	   72	 2048	 3072	0.009486	0.009311	1.879497
	   80	 2048	 3072	0.008678	0.008774	-1.094142
	   88	 2048	 3072	0.008408	0.008269	1.680977
	   96	 2048	 3072	0.008421	0.008161	3.185884
	  104	 2048	 3072	0.011487	0.011455	0.279354
	  112	 2048	 3072	0.010161	0.009998	1.630326
	  120	 2048	 3072	0.009020	0.008971	0.546204
	  128	 2048	 3072	0.008561	0.008469	1.086315
	  136	 2048	 3072	0.011474	0.011504	-0.260779
	  144	 2048	 3072	0.010963	0.010905	0.531866
	  152	 2048	 3072	0.010799	0.010805	-0.055530
	  160	 2048	 3072	0.010761	0.010984	-2.030226
	  168	 2048	 3072	0.010450	0.010595	-1.368570
	  176	 2048	 3072	0.010245	0.010335	-0.870827
	  184	 2048	 3072	0.009899	0.010156	-2.530524
	  192	 2048	 3072	0.010076	0.009873	2.056113
	  200	 2048	 3072	0.012584	0.012381	1.639609
	  208	 2048	 3072	0.012166	0.011935	1.935484
	  216	 2048	 3072	0.011593	0.011617	-0.206594
	  224	 2048	 3072	0.011224	0.011276	-0.461156
	  232	 2048	 3072	0.010693	0.010724	-0.289071
	  240	 2048	 3072	0.010233	0.010156	0.758173
	  248	 2048	 3072	0.009828	0.009717	1.142328
	  256	 2048	 3072	0.009801	0.009659	1.470131
	  272	 2048	 3072	0.014012	0.014232	-1.545812
	  288	 2048	 3072	0.012970	0.012790	1.407349
	  304	 2048	 3072	0.010982	0.011073	-0.821819
	  320	 2048	 3072	0.010618	0.010435	1.753713
	  336	 2048	 3072	0.014411	0.014542	-0.900839
	  352	 2048	 3072	0.014126	0.014274	-1.036850
	  368	 2048	 3072	0.014886	0.014379	3.525975
	  384	 2048	 3072	0.014403	0.014301	0.713237
	  400	 2048	 3072	0.015568	0.016030	-2.882096
	  416	 2048	 3072	0.014491	0.014536	-0.309576
	  432	 2048	 3072	0.013686	0.013776	-0.653310
	  448	 2048	 3072	0.013822	0.013945	-0.882037
	  464	 2048	 3072	0.014346	0.014621	-1.880856
	  480	 2048	 3072	0.014216	0.014342	-0.878539
	  496	 2048	 3072	0.013280	0.012972	2.374345
	  512	 2048	 3072	0.013415	0.013515	-0.739919
	  768	 2048	 3072	0.018912	0.018747	0.880141
	 1024	 2048	 3072	0.021090	0.022206	-5.025669
	 1536	 2048	 3072	0.037740	0.036020	4.775125
	 2048	 2048	 3072	0.040054	0.039585	1.184792
	 3072	 2048	 3072	0.077259	0.071828	7.561118
	 4096	 2048	 3072	0.091252	0.087121	4.741681
	 7168	 2048	 3072	0.158776	0.159499	-0.453294
	 8192	 2048	 3072	0.169436	0.169873	-0.257251
	11264	 2048	 3072	0.247982	0.235276	5.400466
	12280	 2048	 3072	0.266289	0.254212	4.750759
	15360	 2048	 3072	0.315514	0.352522	-10.498068
	16384	 2048	 3072	0.348966	0.366114	-4.683787
	    1	 2048	37984	0.055362	0.055178	0.333466
	    2	 2048	37984	0.053614	0.056211	-4.620092
	    4	 2048	37984	0.055504	0.055333	0.309038
	    8	 2048	37984	0.054401	0.054116	0.526646
	   16	 2048	37984	0.054164	0.054010	0.285132
	   24	 2048	37984	0.054193	0.054250	-0.105069
	   32	 2048	37984	0.054391	0.054335	0.103064
	   40	 2048	37984	0.055002	0.054982	0.036376
	   48	 2048	37984	0.055396	0.055367	0.052378
	   56	 2048	37984	0.055651	0.055486	0.297372
	   64	 2048	37984	0.055906	0.055775	0.234872
	   72	 2048	37984	0.066259	0.063432	4.456741
	   80	 2048	37984	0.060143	0.058266	3.221433
	   88	 2048	37984	0.058286	0.058282	0.006863
	   96	 2048	37984	0.058695	0.058704	-0.015331
	  104	 2048	37984	0.058905	0.059070	-0.279330
	  112	 2048	37984	0.059530	0.059270	0.438670
	  120	 2048	37984	0.059803	0.059739	0.107133
	  128	 2048	37984	0.060198	0.060007	0.318296
	  136	 2048	37984	0.104828	0.104438	0.373427
	  144	 2048	37984	0.101041	0.100779	0.259975
	  152	 2048	37984	0.096360	0.095378	1.029588
	  160	 2048	37984	0.095106	0.096040	-0.972511
	  168	 2048	37984	0.084388	0.084016	0.442773
	  176	 2048	37984	0.081282	0.081610	-0.401912
	  184	 2048	37984	0.081085	0.081587	-0.615294
	  192	 2048	37984	0.082484	0.081876	0.742586
	  200	 2048	37984	0.095234	0.094124	1.179295
	  208	 2048	37984	0.093577	0.093489	0.094129
	  216	 2048	37984	0.091967	0.092338	-0.401785
	  224	 2048	37984	0.091669	0.091899	-0.250275
	  232	 2048	37984	0.088174	0.088462	-0.325564
	  240	 2048	37984	0.089785	0.089098	0.771061
	  248	 2048	37984	0.089921	0.088384	1.739003
	  256	 2048	37984	0.090523	0.090724	-0.221551
	  272	 2048	37984	0.141576	0.140545	0.733573
	  288	 2048	37984	0.134222	0.135295	-0.793082
	  304	 2048	37984	0.125198	0.126077	-0.697193
	  320	 2048	37984	0.123426	0.127294	-3.038635
	  336	 2048	37984	0.127971	0.129067	-0.849171
	  352	 2048	37984	0.124971	0.126840	-1.473510
	  368	 2048	37984	0.119474	0.122679	-2.612509
	  384	 2048	37984	0.119657	0.119857	-0.166866
	  400	 2048	37984	0.167884	0.164246	2.214970
	  416	 2048	37984	0.162893	0.163202	-0.189336
	  432	 2048	37984	0.159238	0.158255	0.621149
	  448	 2048	37984	0.157407	0.154434	1.925094
	  464	 2048	37984	0.151360	0.149798	1.042738
	  480	 2048	37984	0.155655	0.148928	4.516948
	  496	 2048	37984	0.149732	0.145222	3.105590
	  512	 2048	37984	0.145183	0.162972	-10.915372
	  768	 2048	37984	0.212332	0.218349	-2.755680
	 1024	 2048	37984	0.273338	0.278883	-1.988289
	 1536	 2048	37984	0.409159	0.411512	-0.571794
	 2048	 2048	37984	0.531100	0.538972	-1.460558
	 3072	 2048	37984	0.897934	0.855252	4.990576
	 4096	 2048	37984	1.086107	1.067819	1.712650
	 7168	 2048	37984	1.828248	1.843919	-0.849875
	 8192	 2048	37984	2.089195	2.045100	2.156129
	11264	 2048	37984	2.977583	2.821401	5.535619
	12280	 2048	37984	3.115679	3.120155	-0.143454
	15360	 2048	37984	3.828829	3.841920	-0.340741
	16384	 2048	37984	4.101541	4.130813	-0.708626
	  384	  384	  384	0.003153	0.003126	0.863724
	 1024	 1024	 1024	0.006747	0.006644	1.550271
	 2048	 2048	 2048	0.025150	0.025515	-1.430531
	 4096	 4096	 4096	0.222627	0.219818	1.277875
